302450.0753178095	4123692.1276882645
302450.1971757142	4123692.402375035
302450.4090543516	4123692.7304541906
302450.56587600824	4123693.124483234
302450.8064581882	4123693.3983348934
302450.97215133	4123693.649785704
302451.2080331282	4123693.866278179
302451.64065484935	4123694.1447537495
302451.90471791336	4123694.427196123
302451.8942865215	4123694.7383026998
302452.072245791	4123695.1337932255
302452.2128911198	4123695.4524466107
302452.3629302025	4123695.7930832943
302452.4868770161	4123696.1565383854
302452.6888394611	4123696.4404422264
302452.882713774	4123696.7578429566
302453.03144717	4123697.0429994697
302453.18044168316	4123697.3392520207
302453.27699055243	4123697.670045343
302453.382672044	4123698.0117259263
302453.7166624479	4123698.248113994
302453.9199304405	4123698.5874980427
302454.1519019366	4123699.0150240595
302454.3974383916	4123699.264595949
302454.5900069495	4123699.526516533
302454.6429816181	4123699.891641858
302454.7666671614	4123700.244000942
302455.02446969826	4123700.637612545
302455.25487433624	4123700.9985623714
302455.5272863264	4123701.2586040013
302455.7391645546	4123701.586683279
302455.958869768	4123701.870169642
302456.1543105917	4123702.2541466597
302456.3132209105	4123702.5945746307
302456.53344832815	4123702.9002530808
302456.6654830063	4123703.230211342
302456.7406329621	4123703.526463951
302456.9180696026	4123703.7793762814
302457.04932088463	4123704.0760464403
302457.2171026348	4123704.416265653
302457.365313519	4123704.6792301605
302457.54953262303	4123704.9635516526
302457.734796204	4123705.2922572927
302457.95528462785	4123705.6090318123
302458.17655640177	4123705.9590944466
302458.3247672332	4123706.222058969
302458.5019426313	4123706.584261506
302458.7138206229	4123706.912340853
302458.8450718005	4123707.209011034
302459.0843476057	4123707.569752183
302459.2782214483	4123707.887153047
302459.4817501295	4123708.237633255
302459.69415028696	4123708.5879046954
302459.9065504265	4123708.9381761397
302460.1012075689	4123709.288865131
302460.29586469615	4123709.6395541243
302460.4993932976	4123709.990034353
302460.7125767303	4123710.3735939283
302460.9163664173	4123710.7351702014
302461.12902757607	4123711.09653771
302461.2861097233	4123711.3592935097
302461.49016048416	4123711.7319658343
302461.6673356464	4123712.0941684297
302461.88078009547	4123712.4888240667
302462.10257377836	4123712.8610788668
302462.3246285599	4123713.244429707
302462.4817106342	4123713.507185527
302462.6761064598	4123713.846778535
302462.80579070747	4123714.208354851
302463.0187128277	4123714.4493361423
302463.2131086111	4123714.7889291607
302463.3527087803	4123715.063198567
302463.5562371381	4123715.413678861
302463.7425447437	4123715.786768768
302463.94581195456	4123716.126153033
302464.1498624963	4123716.4988254146
302464.2980729763	4123716.7617900306
302464.49299089145	4123717.1235751496
302464.6970413865	4123717.496247542
302464.90135297866	4123717.8800159753
302465.0498245291	4123718.154076641
302465.18916347506	4123718.55982839
302465.3373738942	4123718.822584259
302465.55995061924	4123719.08575766
302465.7172936087	4123719.3596095704
302465.8655039967	4123719.6225742125
302466.0225858545	4123719.8853300936
302466.18932251947	4123720.1811653203
302466.35527583706	4123720.4437124413
302466.5040084128	4123720.728869165
302466.6976205914	4123721.0351741463
302466.83774278127	4123721.3316356763
302466.9950856919	4123721.605487609
302467.1432960039	4123721.86845227
302467.3006388971	4123722.142304207
302467.4579817795	4123722.4161561485
302467.60671428626	4123722.7013128907
302467.7734508475	4123722.997148145
302467.93105481094	4123723.2820961303
302468.0977913494	4123723.577931392
302468.2556564037	4123723.873975418
302468.4041277511	4123724.1480361354
302468.56147056434	4123724.421888095
302468.7010704212	4123724.696157579
302468.84067026834	4123724.9704270656
302468.9802701069	4123725.2446965547
302469.15927246737	4123725.6845715465
302469.29991672153	4123726.0032251864
302469.503444599	4123726.3537056106
302469.6341729237	4123726.628183869
302469.76490124187	4123726.902662131
302469.98852199607	4123727.3525893716
302470.1915275988	4123727.680877738
302470.32356142404	4123728.0108361887
302470.4639444953	4123728.318393809
302470.61319902504	4123728.6257426725
302470.76245354593	4123728.9330915357
302470.902836587	4123729.2406491623
302471.0609625563	4123729.5477892724
302471.127240548	4123729.8553469037
302471.3506000587	4123730.1626957776
302471.4909830623	4123730.4702534117
302471.6311049489	4123730.7667150134
302471.77148793254	4123731.0742726517
302471.9113486947	4123731.3596382206
302472.0512094493	4123731.6450037905
302472.2090742321	4123731.941047883
302472.34919607267	4123732.237509495
302472.50679972995	4123732.522457555
302472.64666044666	4123732.8078231346
302472.79513151513	4123733.081883922
302472.9349922141	4123733.3672495056
302473.1019895074	4123733.674180891
302473.2509827567	4123733.9704337595
302473.40023709927	4123734.277782665
302473.56723435986	4123734.5847140597
302473.7253601453	4123734.891854214
302473.88348592	4123735.1989943716
302474.05048314563	4123735.5059257727
302474.1253713967	4123735.813065936
302474.3576020764	4123736.1093188194
302474.5245992702	4123736.416250231
302474.6644598632	4123736.7016158407
302474.8215411636	4123736.964371868
302475.0441170089	4123737.369915081
302475.192326827	4123737.6328798695
302475.33166517573	4123738.016648529
302475.5359758525	4123738.2798220795
302475.74002541037	4123738.652494711
302475.88823518675	4123738.9154595113
302476.02757349535	4123739.3323075417
302476.2415388749	4123739.595481101
302476.39000972186	4123739.8695419445
302476.5384805585	4123740.1436027903
302476.75140148995	4123740.5160666904
302476.9463183903	4123740.8778520655
302477.1501067305	4123741.239428691
302477.35415615403	4123741.612101358
302477.53028569755	4123741.9299201057
302477.72494143655	4123742.280609459
302477.882544747	4123742.5655576093
302478.04901950125	4123742.8502970114
302478.2251489957	4123743.1681157732
302478.3827522759	4123743.4530639322
302478.5134800853	4123743.7275423133
302478.6885651535	4123744.000976937
302478.84616840305	4123744.285925104
302479.00455493724	4123744.604161382
302479.1532867133	4123744.889318307
302479.30227957864	4123745.1855712696
302479.4601438853	4123745.481615483
302479.6180081815	4123745.7776596993
302479.78448282205	4123746.0623991317
302479.9423470973	4123746.358443353
302480.109082812	4123746.6542788274
302480.25781452045	4123746.9394357675
302480.4156787648	4123747.235479997
302480.5732819027	4123747.5204281937
302480.7308850307	4123747.805376392
302480.8884881487	4123748.0903245932
302481.0458301612	4123748.3641767604
302481.1943007165	4123748.63823768
302481.3610363486	4123748.9340731767
302481.5181172369	4123749.1968293153
302481.6754592107	4123749.470681492
302481.8328011747	4123749.7445336725
302481.9815327774	4123750.0296906405
302482.1391358165	4123750.3146388624
302482.28786739876	4123750.599795837
302482.46347440337	4123750.895422603
302482.6302099514	4123751.1912581227
302482.79694548727	4123751.4870936433
302482.98168499593	4123751.7936077095
302483.140071251	4123752.1118440577
302483.3245496411	4123752.4072620925
302483.4735422449	4123752.7035151217
302483.6402777247	4123752.9993506586
302483.79788066004	4123753.2842989084
302483.95522249193	4123753.5581511236
302484.113086498	4123753.854195416
302484.270689402	4123754.139143673
302484.428292296	4123754.424091934
302484.58563408855	4123754.6979441606
302484.74297587166	4123754.9717963897
302484.8917072955	4123755.2569534048
302485.0404387086	4123755.5421104208
302485.1980415548	4123755.8270586943
302485.337640419	4123756.101328425
302485.5516049641	4123756.51817667
302485.69981415686	4123756.7811416253
302485.9129954011	4123757.1647017673
302486.0525942228	4123757.438971509
302486.27308033814	4123757.7557466966
302486.4129402288	4123758.0411124784
302486.56141046004	4123758.3151734835
302486.7195353855	4123758.6223138548
302486.956981056	4123758.9053834607
302487.10519016784	4123759.168348438
302487.25366035785	4123759.4424094525
302487.4676247356	4123759.8592577423
302487.6338377747	4123760.132901275
302487.85615137825	4123760.527348758
302488.01479839603	4123760.856681224
302488.17187887867	4123761.1194374743
302488.3759273918	4123761.49211038
302488.58936949447	4123761.88676662
302488.7378395954	4123762.1608276586
302488.89570329257	4123762.4568720306
302489.1370650784	4123762.9063822418
302489.27823022753	4123763.24722825
302489.42696137086	4123763.532385336
302489.5670821578	4123763.828847202
302489.71581328247	4123764.1140042935
302489.8736769133	4123764.4100486804
302490.03180161864	4123764.717189109
302490.1987977445	4123765.024120798
302490.3477899127	4123765.320373935
302490.49678207247	4123765.616627074
302490.6731717629	4123765.945542104
302490.8404289281	4123766.26356984
302491.0079471639	4123766.592693619
302491.1754653888	4123766.921817398
302491.3429836003	4123767.2509411816
302491.5191121447	4123767.568760192
302491.68689141585	4123767.9089800166
302491.8627588524	4123768.215702997
302492.03001593216	4123768.5337307537
302492.19622867164	4123768.80737437
302492.3629635641	4123769.103210061
302492.5385698719	4123769.398837016
302492.71443724993	4123769.705560012
302492.7974130586	4123770.000978237
302493.0656498069	4123770.2968139397
302493.25038857275	4123770.6033282066
302493.4082519732	4123770.899372655
302493.5655932018	4123771.173225032
302493.80591019813	4123771.578351216
302494.00891391875	4123771.906640097
302494.2035683624	4123772.257329793
302494.32411845465	4123772.5749401194
302494.5294718528	4123772.904690169
302494.7147326733	4123773.2333965385
302494.91904171905	4123773.6171656223
302495.12335074844	4123774.0009347107
302495.31774402317	4123774.3405283936
302495.48630626063	4123774.714036397
302495.6347759394	4123774.9880975434
302495.81116525776	4123775.3170126704
302495.99747029354	4123775.6901032124
302496.1462010185	4123775.975260403
302496.30380315176	4123776.260208863
302496.461405275	4123776.545157324
302496.60987489263	4123776.819218488
302496.75834450236	4123777.0932796528
302496.92429586046	4123777.355827315
302497.14582539845	4123777.716986906
302497.3211703021	4123778.0015179142
302497.5056476862	4123778.296936229
302497.6804704148	4123778.5592751717
302497.8555542088	4123778.8327101534
302498.0215055005	4123779.095257835
302498.178585368	4123779.358014253
302498.3442755663	4123779.6094659036
302498.5571946513	4123779.9819302983
302498.7967279583	4123780.3537684986
302499.03626124654	4123780.7256067065
302499.2024735431	4123780.999250447
302499.4044325538	4123781.2831552983
302499.59752013953	4123781.567268886
302499.81748302234	4123781.8618523204
302500.05544978735	4123782.167114336
302500.3020268737	4123782.461071587
302500.5579975003	4123782.777012191
302500.81344596256	4123783.070760727
302501.086115086	4123783.3418997373
302501.3587841907	4123783.613038757
302501.6217986562	4123783.851098402
302501.8936845147	4123784.088949328
302502.173919627	4123784.304399458
302502.4627650633	4123784.5085448315
302502.7419558674	4123784.679610836
302503.02166879876	4123784.8728689197
302503.30946991907	4123785.032630176
302503.6056202973	4123785.16999064
302503.9106420757	4123785.3071423876
302504.23366772686	4123785.4549727296
302504.5472998223	4123785.580819736
302504.87893579213	4123785.7173453374
302505.2277924316	4123785.831261428
302505.5763879946	4123785.9340814957
302505.92472248373	4123786.02580554
302506.2824505006	4123786.1395129487
302506.63965637854	4123786.231028298
302507.00521152583	4123786.3001428656
302507.34363031737	4123786.347691547
302507.7089243885	4123786.405710109
302508.0462989181	4123786.408874671
302508.36645275756	4123786.434648767
302508.68504022143	4123786.3938466525
302508.9858848735	4123786.353461997
302509.28646846756	4123786.3019813136
302509.7284724547	4123786.224969033
302510.1420348072	4123786.0709106796
302510.52924401034	4123785.9285745462
302510.95141673926	4123785.7632114803
302511.3289713841	4123785.587795994
302511.6191172574	4123785.4699478983
302512.00528228027	4123785.2832276886
302512.39223048976	4123785.129795607
302512.74343202345	4123784.9661023803
302513.0855011047	4123784.7915218477
302513.4014780853	4123784.639759554
302513.7521575467	4123784.453874298
302514.12005773035	4123784.2453795504
302514.47934757714	4123784.048189572
302514.8206335688	4123783.8403210053
302515.092775673	4123783.7117944295
302515.4609369731	4123783.514395779
302515.8465800588	4123783.3054836816
302516.11846114264	4123783.165861103
302516.4866224889	4123782.9684625017
302516.7585035934	4123782.828839945
302517.0911793269	4123782.632276224
302517.424377176	4123782.45790459
302517.7312218544	4123782.2952551446
302518.05528726906	4123782.109996212
302518.39683447033	4123781.9132238342
302518.75586346176	4123781.7049380117
302519.11463142256	4123781.485556168
302519.46505008504	4123781.2885751263
302519.824340175	4123781.0913853873
302520.08708893304	4123780.9408756187
302520.34957665263	4123780.779269821
302520.6475500341	4123780.616829195
302520.9455234255	4123780.4543885808
302521.21714363457	4123780.30367014
302521.4976352656	4123780.152742999
302521.760384081	4123780.0022332836
302522.0408757312	4123779.8513061632
302522.30362456513	4123779.700796465
302522.5929876475	4123779.549660656
302522.8734793278	4123779.3987335633
302523.154232059	4123779.258902516
302523.4435951719	4123779.1077667386
302523.72434792155	4123778.9679357116
302524.1097303655	4123778.7479279763
302524.3996155921	4123778.618984303
302524.78499806847	4123778.3989766003
302525.1795130185	4123778.1898562456
302525.5385423265	4123777.981570728
302525.92418589734	4123777.772659115
302526.30982948677	4123777.5637475224
302526.57257846365	4123777.4132379657
302526.966832464	4123777.193021663
302527.23819184216	4123777.03120739
302527.51868368266	4123776.88028046
302527.79891449685	4123776.718257505
302528.1842971437	4123776.498249965
302528.5610694275	4123776.28954718
302528.8146860297	4123776.128150362
302529.2005907955	4123775.9303349433
302529.59484492964	4123775.7101187706
302529.8664654365	4123775.5594006237
302530.2695910216	4123775.338975786
302530.6815880458	4123775.118342269
302531.0672318669	4123774.9094309034
302531.32998100645	4123774.758921504
302531.61934441014	4123774.6077860207
302531.9087078226	4123774.4566505468
302532.18867776805	4123774.2835317072
302532.48665159114	4123774.1210915237
302532.7494007792	4123773.9705821685
302533.056507071	4123773.8190293433
302533.3281276969	4123773.6683113133
302533.7223820379	4123773.448095345
302533.9942637144	4123773.3084733724
302534.2658843724	4123773.1577553726
302534.53776606655	4123773.0181334172
302534.8271295836	4123772.866998051
302535.1164931092	4123772.7158626923
302535.40585664613	4123772.5647273446
302535.69495916786	4123772.4024959714
302535.9931941454	4123772.251151952
302536.27394731564	4123772.1113213636
302536.54556805035	4123771.9606034425
302536.80831737374	4123771.81009422
302537.0888095479	4123771.6591676264
302537.4744536767	4123771.450256569
302537.7546848515	4123771.288233963
302538.1398069677	4123771.057130866
302538.51631870423	4123770.8373325146
302538.90170188295	4123770.6173254894
302539.2784746783	4123770.4086232097
302539.54122409475	4123770.258114078
302539.9268683446	4123770.0492031397
302540.3031191513	4123769.818308837
302540.5658686033	4123769.6677997396
302540.9509908679	4123769.436696778
302541.3102819335	4123769.2395080053
302541.63408731937	4123769.0431539915
302541.94954332965	4123768.8692007493
302542.3526695303	4123768.64877652
302542.6326398724	4123768.475658048
302542.95670633204	4123768.2904001256
302543.28103382175	4123768.1162382504
302543.6400639805	4123767.9079535455
302543.9552590581	4123767.7229043464
302544.244100887	4123767.549577247
302544.5240713012	4123767.3764588414
302544.8129131531	4123767.2031317633
302545.11062644195	4123767.029596012
302545.43443199666	4123766.833242153
302545.74962715193	4123766.648193026
302546.09143660095	4123766.4625178655
302546.4415954683	4123766.254441967
302546.8003647713	4123766.035061368
302547.1507846826	4123765.8380815363
302547.5186864567	4123765.629588325
302547.89572068385	4123765.4319824856
302548.22813678195	4123765.224324026
302548.5608139037	4123765.027761616
302548.885141626	4123764.853599968
302549.2005979336	4123764.6796470117
302549.5332750983	4123764.4830846414
302549.8484704265	4123764.2980356747
302550.19889047823	4123764.101055978
302550.52269625803	4123763.9047023267
302550.85537348245	4123763.70814001
302551.2055325769	4123763.5000643213
302551.5473422649	4123763.3143893955
302551.8625376786	4123763.129340508
302552.1777331058	4123762.944291634
302552.51067140687	4123762.7588254227
302552.7997745745	4123762.5965946675
302553.0620024594	4123762.423893911
302553.3685875089	4123762.250149793
302553.66630113916	4123762.0766143617
302553.9640147813	4123761.903078939
302554.244507574	4123761.7521529463
302554.5333498068	4123761.578826219
302554.92760523397	4123761.3586112955
302555.33073211345	4123761.1381877195
302555.6200963844	4123760.9870531005
302555.9091996691	4123760.824822457
302556.2069133991	4123760.651287121
302556.4874062708	4123760.500361205
302556.7853810198	4123760.3379219235
302557.0742233519	4123760.164595289
302557.3453228297	4123759.9916860024
302557.6432976122	4123759.8292467524
302557.9232685446	4123759.656128819
302558.19462904986	4123759.4943155963
302558.4662505592	4123759.3435984175
302558.7198682171	4123759.1822025515
302559.00010018656	4123759.020180688
302559.37687396765	4123758.8114793543
302559.6396240842	4123758.6609708844
302560.00752646243	4123758.452478247
302560.36629643163	4123758.2330982583
302560.75194171397	4123758.024188322
302561.08461939625	4123757.8276264337
302561.3471085833	4123757.666021984
302561.61873020336	4123757.5153049137
302561.8903518341	4123757.3645878523
302562.17084491055	4123757.213662136
302562.4424665603	4123757.0629450935
302562.7229596547	4123756.912019396
302563.12608693657	4123756.691596211
302563.50286091777	4123756.4828950725
302563.8532815945	4123756.285915973
302564.1862203999	4123756.100450247
302564.5014163457	4123755.915401859
302564.80800185376	4123755.74165818
302565.14094069914	4123755.5561924945
302565.47387956	4123755.370726823
302565.84152123367	4123755.1511384184
302566.2185563301	4123754.953533442
302566.5509732711	4123754.745875746
302566.8223340912	4123754.5840628166
302567.1289196915	4123754.410319226
302567.42689484794	4123754.2478803406
302567.75148433226	4123754.084815493
302568.0319776147	4123753.93388998
302568.3296918237	4123753.7603550944
302568.65375938267	4123753.575098212
302568.9681725766	4123753.356761896
302569.3449468425	4123753.148061032
302569.6168297224	4123753.0084402664
302569.99308206246	4123752.7775473655
302570.3523744755	4123752.580359892
302570.711927882	4123752.3942684727
302571.02738507855	4123752.220316376
302571.2901355978	4123752.06980829
302571.6676929029	4123751.894395637
302572.0358568306	4123751.6969995885
302572.3951493343	4123751.4998122095
302572.7283494796	4123751.3254428734
302573.1056458714	4123751.1389342546
302573.5001632159	4123750.9298162805
302573.7720462311	4123750.790195655
302574.07028260786	4123750.6388530512
302574.35964755324	4123750.48771911
302574.6584058942	4123750.358568597
302574.92115653213	4123750.208060628
302575.21078247635	4123750.0680227526
302575.5964284772	4123749.8591135303
302575.8777049417	4123749.7414763975
302576.1495880316	4123749.6018558536
302576.55323793006	4123749.403625414
302576.84312489687	4123749.2746836296
302577.11500801647	4123749.1350631188
302577.396023556	4123749.006330004
302577.7908020666	4123748.808308275
302578.18584156194	4123748.6213825983
302578.5905354172	4123748.467536399
302578.889554854	4123748.349482077
302579.284594393	4123748.162556455
302579.66215202445	4123747.987144177
302580.04858111625	4123747.8115232713
302580.390652998	4123747.636945609
302580.68106200575	4123747.530196032
302581.10297691746	4123747.3537406004
302581.3839925714	4123747.2250076234
302581.70936546155	4123747.09523144
302582.01699546864	4123746.965872556
302582.3248864473	4123746.8476097165
302582.63251647184	4123746.718250856
302582.9404074671	4123746.5999880414
302583.2125517259	4123746.4714637697
302583.5032217646	4123746.375810329
302583.8025022955	4123746.2688522213
302584.1103933215	4123746.15058945
302584.5505731757	4123745.995908984
302584.8675966249	4123745.8885336365
302585.2112344209	4123745.780532382
302585.5193864376	4123745.6733656987
302585.8536308898	4123745.543381042
302586.21553351684	4123745.4571546195
302586.52368555753	4123745.349987975
302586.87697770685	4123745.2750662547
302587.2033945643	4123745.1896744277
302587.5386828756	4123745.104073976
302587.85675020603	4123745.04108288
302588.174556587	4123744.9669957617
302588.51010586787	4123744.8924913844
302588.81043031625	4123744.829917597
302589.1639834542	4123744.7660920094
302589.49013939756	4123744.669604238
302589.8444753996	4123744.639066781
302590.1891571024	4123744.5754498723
302590.56019220315	4123744.5001110416
302590.8782595722	4123744.437120062
302591.21433079056	4123744.384807863
302591.5326591163	4123744.3329129415
302591.84185504925	4123744.2701306324
302592.14270143386	4123744.229749034
302592.55809380097	4123744.153367133
302592.98235762323	4123744.0767766205
302593.41549290065	4123743.9999775
302593.73408219556	4123743.9591786973
302594.12312118674	4123743.8945188005
302594.58313177	4123743.828189885
302594.9017210742	4123743.787391126
302595.3173744251	4123743.7221053983
302595.63596373517	4123743.6813066695
302596.1051067277	4123743.625865243
302596.5210210345	4123743.571675608
302596.831260788	4123743.5532776206
302597.19342452614	4123743.4781477144
302597.5206243584	4123743.426044397
302597.8666108525	4123743.4179079765
302598.19433256984	4123743.3879967527
302598.5223152273	4123743.369181576
302598.98415243253	4123743.380525142
302599.2857816834	4123743.3734319033
302599.59680425987	4123743.3883221173
302599.90730495757	4123743.3810202773
302600.208934207	4123743.373927072
302600.5285672905	4123743.377512666
302600.94578630687	4123743.3788034213
302601.3452624247	4123743.3805114413
302601.72725657944	4123743.3937327573
302602.10064021766	4123743.4182587457
302602.52725254337	4123743.4415330268
302602.9543867331	4123743.486999394
302603.2745416728	4123743.5127771585
302603.59417474223	4123743.5163628682
302603.9229401909	4123743.5308360043
302604.3498134321	4123743.565206408
302604.7766866683	4123743.599576835
302605.0785768338	4123743.603579838
302605.4965786153	4123743.6381589198
302605.8793555299	4123743.6846685247
302606.28848585277	4123743.719456262
302606.5997693166	4123743.7454427714
302606.9368843349	4123743.7375153406
302607.2570392417	4123743.763293255
302607.5685836252	4123743.800375833
302607.98736816057	4123743.868243138
302608.39675938606	4123743.9141270113
302608.7889295643	4123743.9826201997
302609.18918840354	4123744.0176166934
302609.58135856816	4123744.0861099195
302610.0087535889	4123744.142672677
302610.4716343905	4123744.198401004
302610.76595769014	4123744.258092991
302611.21187835385	4123744.347526686
302611.62179137353	4123744.415602781
302612.01474425883	4123744.51738422
302612.40717528923	4123744.59697361
302612.8264815728	4123744.68703322
302613.26379165833	4123744.7877716655
302613.70110173326	4123744.8885101317
302614.11179745686	4123744.9898744486
302614.54023606173	4123745.090821568
302614.9337107072	4123745.2147952067
302615.3352740335	4123745.3052721564
302615.63090183603	4123745.4204444783
302616.05099078466	4123745.5437923474
302616.47969024844	4123745.655835596
302616.7742743563	4123745.7266238234
302617.0607697615	4123745.830908768
302617.34726515785	4123745.935193721
302617.6342823772	4123746.061670751
302618.035584711	4123746.141051792
302618.4481067057	4123746.32008855
302618.8246210762	4123746.477767676
302619.2016572583	4123746.657638886
302619.52416019747	4123746.783281564
302619.8116991741	4123746.9319507335
302620.0994990515	4123747.091715942
302620.3865161856	4123747.218193064
302620.69023255317	4123747.2998688556
302621.02212870616	4123747.447495057
302621.3086239926	4123747.551780139
302621.6133839757	4123747.6778400987
302621.94554100494	4123747.8365623644
302622.3137056108	4123748.01664231
302622.73483794485	4123748.184374638
302623.1465770041	4123748.330123519
302623.54187770037	4123748.5317697846
302623.9275242145	4123748.700336565
302624.3048210821	4123748.8913040296
302624.6912502797	4123749.0931589454
302624.97878907947	4123749.2418282833
302625.2759820225	4123749.423577135
302625.56325989525	4123749.5611504605
302625.86958515935	4123749.7537867683
302626.1662562578	4123749.9133435832
302626.45431680686	4123750.084205038
302626.7515096878	4123750.2659539375
302627.0215664309	4123750.4261365687
302627.3098878464	4123750.6080940836
302627.580205468	4123750.7793727643
302627.8510448828	4123750.972843521
302628.1388444583	4123751.1326089976
302628.4454305053	4123751.3363414276
302628.7240977165	4123751.485219483
302629.0132017588	4123751.7004651534
302629.30178398534	4123751.8935187683
302629.59062709915	4123752.097668424
302629.88860253367	4123752.3127055313
302630.1951884936	4123752.5164380227
302630.484553359	4123752.7427797746
302630.79061749135	4123752.924320221
302631.07084999233	4123753.1397745493
302631.3782185827	4123753.3767951815
302631.66706159373	4123753.580944905
302631.929290281	4123753.785720411
302632.20900093147	4123753.9789827103
302632.48062281974	4123754.2057417077
302632.760855234	4123754.421196089
302633.0322161992	4123754.636859072
302633.3210591244	4123754.84100885
302633.5751989806	4123755.0792810908
302633.8556922314	4123755.3058315422
302634.11844259844	4123755.5327991787
302634.4346824477	4123755.769611328
302634.6796899183	4123755.996996156
302634.95157256705	4123756.234851262
302635.23232663434	4123756.472497789
302635.4955987118	4123756.721657531
302635.76774220704	4123756.970608695
302636.0484962268	4123757.208255248
302636.3122900393	4123757.4796070815
302636.58443348616	4123757.7285582703
302636.83883405256	4123757.9779266384
302637.0843631733	4123758.2275035977
302637.3382419319	4123758.454679913
302637.5743778151	4123758.682273404
302637.82016778307	4123758.9429464196
302638.0743073893	4123759.181218787
302638.29270037264	4123759.4092294667
302638.54710083985	4123759.658597883
302638.7928907499	4123759.919270923
302639.0381588698	4123760.157751903
302639.2659450065	4123760.407746088
302639.5122566472	4123760.690611214
302639.74004275486	4123760.9406054127
302639.9680897369	4123761.201695648
302640.1961367038	4123761.4627858913
302640.433055085	4123761.723667557
302640.6433591709	4123761.9851749735
302640.8622737848	4123762.235377781
302641.0725778439	4123762.496885208
302641.2914924325	4123762.7470880253
302641.48405361525	4123763.0090126246
302641.6760930177	4123763.24874516
302641.8775256027	4123763.5104611875
302642.152277532	4123763.8703728737
302642.4356399791	4123764.218979958
302642.6190687866	4123764.4700171268
302642.885210113	4123764.84123345
302643.14247999387	4123765.2126583597
302643.3994889705	4123765.572987242
302643.5651748758	4123765.824441587
302643.7486036172	4123766.075478779
302643.9234218078	4123766.3378205844
302644.11624371377	4123766.6108412715
302644.30906560784	4123766.8838619613
302644.4844055277	4123767.168395845
302644.6774882787	4123767.4525125762
302644.86143871525	4123767.7257418563
302645.0725251635	4123768.020537474
302645.26560787566	4123768.3046542173
302645.45008003694	4123768.6000755755
302645.63429130503	4123768.8844009046
302645.80884850415	4123769.135646712
302645.97479515406	4123769.398197132
302646.14987409016	4123769.6716350145
302646.30694930186	4123769.9343940187
302646.4454990305	4123770.295348717
302646.685547526	4123770.558316302
302646.90759228705	4123770.9416716523
302647.0646674527	4123771.204430667
302647.27810164174	4123771.599090634
302647.4263053691	4123771.862058231
302647.5932954295	4123772.168992813
302647.79733640305	4123772.5416693
302647.94554009964	4123772.8046369064
302648.09400466294	4123773.078700547
302648.2510797561	4123773.341459583
302648.3992834261	4123773.604427195
302648.55635850097	4123773.8671862357
302648.70508390537	4123774.15234592
302648.8916428362	4123774.5365356114
302649.10481599125	4123774.9200995853
302649.2644997763	4123775.293818971
302649.4507977849	4123775.6669126386
302649.5812585573	4123776.028910278
302649.8051291845	4123776.3913250663
302650.00029856013	4123776.764210172
302650.1868573824	4123777.148399889
302650.37315531616	4123777.5214935746
302650.5599749811	4123777.9167793314
302650.7634939542	4123778.2672638167
302650.87803794723	4123778.6087379856
302651.0356346088	4123778.8936891356
302651.17731455684	4123779.256729662
302651.3550018698	4123779.641127972
302651.46876320586	4123779.9493140504
302651.6344486156	4123780.200768539
302651.75734221446	4123780.5198420817
302651.87945318903	4123780.8056275267
302652.0396585031	4123781.201539025
302652.22804325295	4123781.6634010137
302652.406513092	4123782.081087442
302652.5286240259	4123782.366872896
302652.6426461615	4123782.6861550203
302652.78458685905	4123783.060291604
302652.9270492878	4123783.456620254
302653.0230677185	4123783.76522349
302653.118564402	4123784.051634658
302653.2445883509	4123784.50386062
302653.40244570724	4123784.799907841
302653.527165281	4123785.19665364
302653.6490152682	4123785.4713430735
302653.7651242913	4123785.8793934784
302653.92585117905	4123786.2974970737
302654.03230617056	4123786.672467948
302654.12962888327	4123787.0365513605
302654.21834105963	4123787.411939374
302654.31514201884	4123787.7538307216
302654.45890866197	4123788.2056395616
302654.5481425548	4123788.603219647
302654.6365938324	4123788.9675116315
302654.76340025576	4123789.453025712
302654.8596794378	4123789.7727249986
302654.95752382826	4123790.1590004847
302655.03553846723	4123790.456924842
302655.15242998116	4123790.8982633622
302655.2865425383	4123791.3169926824
302655.40317316225	4123791.7472351715
302655.52841430146	4123792.1661730614
302655.64530577324	4123792.6075115884
302655.78020089056	4123793.0595290153
302655.8788278178	4123793.479092611
302655.9852826579	4123793.8540635076
302656.0745164399	4123794.251643604
302656.15253101336	4123794.5495679714
302656.25063617516	4123794.946939505
302656.3409134096	4123795.388903739
302656.4371924824	4123795.7086030417
302656.506857378	4123796.028928043
302656.62140095443	4123796.3704022816
302656.7803014711	4123796.7108336897
302656.8502272156	4123797.042254727
302656.9026710448	4123797.3851889297
302656.96216018905	4123797.794073636
302657.0633956944	4123798.180766276
302657.1359300904	4123798.6231476488
302657.17871991475	4123798.933002319
302657.2400351132	4123799.275727959
302657.3224843486	4123799.7622849
302657.38458213833	4123800.1382986414
302657.45659477473	4123800.5584879504
302657.5168664889	4123800.8568294584
302657.5698320138	4123801.2219557315
302657.6222758023	4123801.5648899395
302657.7222069064	4123802.0399337206
302657.75716878683	4123802.3943810947
302657.82787706406	4123802.7590902383
302657.8724929199	4123803.146617146
302657.94163599063	4123803.4447500915
302657.9854692426	4123803.798988899
302658.0379130072	4123804.1419231095
302658.09296543105	4123804.5958176544
302658.1456700553	4123804.9498478994
302658.1811536475	4123805.3264873405
302658.22498688643	4123805.680726148
302658.2682983908	4123806.0127728917
302658.3118707578	4123806.355915669
302658.3551822576	4123806.6879624124
302658.3810118635	4123807.031522319
302658.4339773353	4123807.396648598
302658.4692000478	4123807.762192006
302658.51277240505	4123808.105334785
302658.5380802733	4123808.426702626
302658.5273809007	4123808.7267126585
302658.56260360865	4123809.09225607
302658.597826315	4123809.4577994784
302658.631744691	4123809.767862722
302658.66644566215	4123810.111214064
302658.70166836353	4123810.476757475
302658.72749795724	4123810.820317384
302658.7629815216	4123811.1969568287
302658.7974216207	4123811.5292121395
302658.8240338087	4123811.90606015
302658.8496025323	4123812.238524026
302658.8746495232	4123812.5487958337
302658.89995737927	4123812.8701636777
302658.9043920991	4123813.202627554
302658.9544860753	4123813.6793398657
302658.970661692	4123813.9898202396
302659.0165818113	4123814.4328273227
302659.0619801949	4123814.85364234
302659.0867663129	4123815.152818116
302659.1157262831	4123815.629530429
302659.13529315096	4123816.0842592404
302659.16947236774	4123816.40541852
302659.1859088446	4123816.7269949284
302659.20208445546	4123817.037475304
302659.23835059546	4123817.4474028526
302659.2733124035	4123817.8018502328
302659.33541004173	4123818.17786399
302659.42751302995	4123818.6975004897
302659.3849803286	4123819.153689252
302659.3849783988	4123819.5311629586
302659.41000425257	4123823.993645555
302659.38156219793	4123824.2940727193
302659.3708628656	4123824.5940827597
302659.3593809359	4123824.9162848643
302659.3596398976	4123825.249374439
302659.3776415776	4123825.6375270537
302659.376074477	4123825.9484245614
302659.38363960176	4123826.2702095383
302659.391204727	4123826.5919945156
302659.40790207614	4123826.924666961
302659.4065958453	4123827.2466605026
302659.4115523076	4123827.5684454814
302659.42172609933	4123827.890230459
302659.4298129601	4123828.234207505
302659.4378998214	4123828.578184549
302659.44598668325	4123828.922161596
302659.44546305644	4123829.277443239
302659.4452002988	4123829.6438209186
302659.44545927446	4123830.0323906634
302659.44571825303	4123830.420960408
302659.4454554998	4123830.787338088
302659.4446710134	4123831.1315236995
302659.44440826285	4123831.4979013777
302659.4433629123	4123831.830990956
302659.43422881304	4123832.1975771994
302659.433966066	4123832.56395488
302659.43396418844	4123832.9414285934
302659.42404749314	4123833.274726737
302659.432134368	4123833.6187037844
302659.421435075	4123833.9187138276
302659.41752019816	4123834.229819902
302659.4094295784	4123834.5407174146
302659.40890597436	4123834.895999061
302659.40812150575	4123835.240184674
302659.4070761715	4123835.5732742543
302659.39689862233	4123835.8954763655
302659.3958532895	4123836.228565946
302659.40394017345	4123836.5725429947
302659.3856738843	4123836.928241772
302659.35931885254	4123837.3174372176
302659.3692318124	4123837.7390865046
302659.3614020827	4123838.161152922
302659.352789752	4123838.549931237
302659.3611375112	4123838.905004321
302659.3514817143	4123839.249398502
302659.3415650516	4123839.5826966492
302659.33217012626	4123839.938186864
302659.3227752029	4123840.2936770795
302659.33112296823	4123840.648750165
302659.3300776564	4123840.9818397476
302659.3196392673	4123841.2929458264
302659.3279870355	4123841.6480189124
302659.32772433094	4123842.014396597
302659.3365938363	4123842.39166175
302659.3384180758	4123842.8468077076
302659.3389379791	4123843.2464734945
302659.3391970147	4123843.6350432485
302659.341021261	4123844.090189207
302659.3311046214	4123844.423487357
302659.3217097199	4123844.7789775734
302659.31101048016	4123845.078987622
302659.30970431713	4123845.4009811715
302659.3008311576	4123845.7786634574
302659.29665544746	4123846.167024648
302659.3094379888	4123846.522306302
302659.30474054266	4123846.87737939
302659.312827458	4123847.221356443
302659.3240447931	4123847.5211579273
302659.3344795244	4123847.964999288
302659.3336951074	4123848.309184909
302659.3430863675	4123848.7086421326
302659.35795767343	4123849.0970033235
302659.35247582005	4123849.485573081
302659.3443852844	4123849.896543472
302659.34307913587	4123850.218537025
302659.3527312699	4123850.6290902845
302659.35455554735	4123851.0842362465
302659.32872235647	4123851.495623769
302659.32950316457	4123851.9063855964
302659.32950136706	4123852.28385932
302659.3292387036	4123852.650237011
302659.3480230441	4123853.0716777407
302659.37411350274	4123853.426333701
302659.4458649497	4123853.835427001
302659.5100494063	4123854.300209041
302659.5468372667	4123854.7323286748
302659.59171384806	4123855.1309516393
302659.6454617537	4123855.529366041
302659.68955572264	4123855.894700906
302659.7161679055	4123856.2715489343
302659.7427800874	4123856.648396964
302659.77043574245	4123857.0696291295
302659.78974180756	4123857.5132619306
302659.8179191982	4123857.956686166
302659.8380078697	4123858.43360707
302659.82991735754	4123858.8445774647
302659.84870168654	4123859.266018198
302659.87609647063	4123859.6761543313
302659.8854877399	4123860.075611563
302659.91183904855	4123860.4413635586
302659.9486268892	4123860.8734831973
302659.9387103041	4123861.2067813533
302659.9640181367	4123861.528149213
302659.9804546472	4123861.849725642
302659.9963694215	4123862.2931498783
302660.02637288766	4123862.6702064765
302660.0618563796	4123863.0468459437
302660.06107198866	4123863.39103157
302660.0879450281	4123863.7789756376
302660.08689977	4123864.1120652296
302660.09603017423	4123864.500426429
302660.08715707524	4123864.8781087245
302660.09550487535	4123865.23318182
302660.0858491737	4123865.5775760133
302660.093936107	4123865.9215530753
302660.08349780197	4123866.232659166
302660.073320369	4123866.554861291
302660.0644472813	4123866.9325435874
302660.0482680956	4123867.3770106565
302660.0566159042	4123867.732083753
302660.05530979147	4123868.0540773147
302660.04539323575	4123868.387375474
302660.0448697344	4123868.742657137
302660.0255601314	4123869.053971796
302659.997118348	4123869.3543989854
302659.9989426747	4123869.809544958
302659.9999843965	4123870.231402829
302660.0007652509	4123870.642164665
302660.00885220105	4123870.9861417287
302659.9900643494	4123871.3196484568
302659.97101563227	4123871.6420591506
302659.93735473213	4123872.0980393905
302659.92822080874	4123872.4646256533
302659.9018660099	4123872.853821122
302659.88542600075	4123873.2871921607
302659.8841199154	4123873.609185724
302659.8739425227	4123873.9313878543
302659.87263644004	4123874.253381417
302659.88072340505	4123874.5973584834
302659.87028514704	4123874.90846458
302659.8614121104	4123875.286146882
302659.85201733606	4123875.6416371153
302659.8689756121	4123875.985405615
302659.8632330212	4123876.4962403327
302659.86192694685	4123876.818233896
302659.860881745	4123877.151323496
302659.88018785266	4123877.5949563067
302659.89584178	4123878.0387976854
302659.90914615634	4123878.4491423946
302659.90131661645	4123878.871208836
302659.9015757702	4123879.259778609
302659.90131318645	4123879.6261563124
302659.91983668704	4123880.0365010225
302659.9211393271	4123880.4694549334
302659.9112228347	4123880.802753101
302659.9190489452	4123881.1356341355
302659.9086107152	4123881.4467402347
302659.9039133424	4123881.7800384024
302659.87912383233	4123882.080257034
302659.87990474247	4123882.491018877
302659.87964217085	4123882.8573965826
302659.88068395486	4123883.279254461
302659.8731153129	4123883.712416941
302659.8989448976	4123884.055976879
302659.9109449472	4123884.566394469
302659.9101606421	4123884.9105801047
302659.91824763385	4123885.2545571765
302659.943294604	4123885.5648290105
302659.9268546767	4123885.998200059
302659.9281573426	4123886.4311539736
302659.9294600091	4123886.8641078896
302659.9271104866	4123887.285965771
302659.940675772	4123887.7187111187
302659.9328462803	4123888.1407775665
302659.9158846282	4123888.551956548
302659.90518556075	4123888.8519666158
302659.9153595314	4123889.284711965
302659.91587959917	4123889.6843777783
302659.916138796	4123890.072947557
302659.9244866723	4123890.428020665
302659.9333562914	4123890.805285844
302659.91482942895	4123891.1498886184
302659.93387469556	4123891.582425402
302659.95318083465	4123892.026058223
302659.9534400393	4123892.4146280023
302659.95448186074	4123892.8364858855
302659.9281272063	4123893.225681368
302659.93673596205	4123893.5918505113
302659.9356908179	4123893.924940118
302659.93438480236	4123894.2469336935
302659.95056049014	4123894.5574140963
302659.9497762192	4123894.9015997397
302659.940642409	4123895.2681860183
302659.94899029844	4123895.6232591295
302659.94846690306	4123895.978540807
302659.96542520745	4123896.322309318
302659.97325135546	4123896.655190359
302659.99229663156	4123897.0877271458
302659.9933384711	4123897.509585032
302660.02777846856	4123897.8418403724
302660.0350828747	4123898.152529348
302660.07891589607	4123898.5067681912
302660.132924554	4123898.9162786426
302660.1937175167	4123899.23681225
302660.2639035002	4123899.57932936
302660.3426998877	4123899.91054187
302660.4475883687	4123900.2189366096
302660.54308382014	4123900.505347849
302660.73877205007	4123900.9004252055
302660.9516810798	4123901.2728933645
302661.19068218494	4123901.6225437615
302661.46516838553	4123901.9713599025
302661.75635363976	4123902.275374782
302662.0817196372	4123902.523075236
302662.39012566843	4123902.8044809364
302662.73245157395	4123903.0184761826
302663.10086955817	4123903.2096536793
302663.47789793217	4123903.3895265926
302663.8724079753	4123903.5578863625
302664.2841388227	4123903.7036369545
302664.7036974651	4123903.8047948657
302665.00688604766	4123903.8642799635
302665.44210030325	4123903.876252509
302665.88514237525	4123903.843632377
302666.2650420611	4123903.7680880534
302666.62615574664	4123903.648576731
302666.977354714	4123903.484889844
302667.30976769124	4123903.2772359536
302667.6507910987	4123903.0582774817
302667.99051021587	4123902.783838853
302668.3291859109	4123902.4650161006
302668.55462190794	4123902.237672893
302668.85729081515	4123901.8974923263
302669.06394084555	4123901.6261821114
302669.226495357	4123901.367010724
302669.3973994382	4123901.085438714
302669.5680426734	4123900.7927706726
302669.7538198889	4123900.3887251774
302669.8975884532	4123900.085586782
302670.01526490564	4123899.8052661256
302670.1146770888	4123899.5031705163
302670.2057397151	4123899.0672968244
302670.3012390415	4123898.754939409
302670.3735156901	4123898.431277402
302670.4283106392	4123898.119128545
302670.45649174706	4123897.807605353
302670.4938049979	4123897.506969643
302670.5193775338	4123897.084486108
302670.5358179349	4123896.6511150952
302670.5611296218	4123896.2175355284
302670.5890498897	4123895.8949163062
302670.5903563061	4123895.5729227504
302670.59061929514	4123895.2065450577
302670.5916648566	4123894.8734554676
302670.60105999094	4123894.517965253
302670.5929734125	4123894.1739881844
302670.57627640606	4123893.8413157067
302670.5601011128	4123893.5308352993
302670.535054533	4123893.2205634452
302670.4985280916	4123892.799539802
302670.4734815096	4123892.4892679495
302670.44582635426	4123892.0680357534
302670.4207797706	4123891.7577639017
302670.40460447443	4123891.4472834934
302670.3795578893	4123891.1370116407
302670.35112015856	4123890.6824913416
302670.3148545644	4123890.272563736
302670.296331551	4123889.8622190193
302670.2699806753	4123889.4964669943
302670.2527619484	4123889.1416024505
302670.2363257921	4123888.820026009
302670.20971405716	4123888.443177952
302670.2013666214	4123888.0881048525
302670.19354090083	4123887.755223822
302670.1844108943	4123887.3668626184
302670.1841521829	4123886.9782928596
302670.1765873218	4123886.656507863
302670.16928331845	4123886.345818902
302670.16067502944	4123885.9796497687
302670.1525884555	4123885.6356727034
302670.16224447323	4123885.2912785276
302670.15441875835	4123884.9583974984
302670.146593044	4123884.6255164687
302670.14789948333	4123884.303522918
302670.1395520562	4123883.948449821
302670.13303062925	4123883.6377608594
302670.123639775	4123883.271591727
302670.09676718235	4123882.883647637
302670.08007017314	4123882.5509751644
302670.05450186436	4123882.2185112466
302670.03780485457	4123881.885838774
302670.01223654445	4123881.553374857
302669.9978872461	4123881.187414284
302669.9676235089	4123880.7883741604
302669.9485787832	4123880.3558373796
302669.9318817719	4123880.0231649075
302669.91205447516	4123879.557340025
302669.9131000676	4123879.224250442
302669.89692476933	4123878.913770038
302669.8984920774	4123878.6028725235
302669.89092722617	4123878.281087532
302669.89249453496	4123877.9701900166
302669.8940618462	4123877.6592925033
302669.8956291573	4123877.34839499
302669.8971964695	4123877.0374974753
302669.8985029273	4123876.7155039273
302669.90007024177	4123876.404606415
302669.9013767019	4123876.0826128665
302669.91155446705	4123875.7604107647
302669.92147137865	4123875.427112628
302669.94052045577	4123875.1047019693
302669.9420877773	4123874.793804456
302669.95174383814	4123874.4494102863
302669.97027120774	4123874.1048075617
302669.98018812935	4123873.7715094257
302669.99010505294	4123873.43821129
302669.9997611222	4123873.0938171204
302670.0188102142	4123872.771406464
302670.028727144	4123872.4381083306
302670.03890493076	4123872.115906229
302670.0493435768	4123871.804800162
302670.0506500589	4123871.4828066183
302670.057958435	4123871.038548142
302670.0686579413	4123870.7385381097
302670.06787757983	4123870.327776293
302670.0851006983	4123869.927693399
302670.08405948506	4123869.505835549
302670.0916287285	4123869.07267311
302670.0908483751	4123868.6619112934
302670.09032887797	4123868.262245511
302670.0814597807	4123867.8849803535
302670.0814619991	4123867.5075066397
302670.0728537593	4123867.141337516
302670.07207341184	4123866.7305757008
302669.09416593757	4123862.5125376843
302669.1223472308	4123862.201014508
302669.1387877869	4123861.7676435146
302669.1489655885	4123861.4454414165
302669.15888253687	4123861.1121432856
302669.17767080804	4123860.7786365985
302669.19645908324	4123860.445129913
302669.1977655716	4123860.123136373
302669.2079433843	4123859.8009342756
302669.21812119894	4123859.4787321794
302669.2097738003	4123859.123659092
302669.2199516181	4123858.8014569962
302669.19386157347	4123858.4468010208
302669.18577503273	4123858.102823968
302669.1862989605	4123857.747542326
302669.18760545936	4123857.4255487877
302669.18969452614	4123856.969985729
302669.24083785294	4123856.6693500364
302669.2390140853	4123856.2142040893
302669.2489310617	4123855.880905962
302669.2580654726	4123855.514319732
302669.25754599134	4123855.114653956
302669.26668040524	4123854.7480677282
302669.266682639	4123854.370594018
302669.28468838613	4123854.0037992354
302669.27608014963	4123853.637630116
302669.32096074603	4123853.281305701
302669.3042637494	4123852.9486332405
302669.3047877031	4123852.593351601
302669.3053116569	4123852.238069963
302669.30609646754	4123851.8938843594
302669.30714213615	4123851.560794787
302669.3121006356	4123851.2274966617
302669.30401411845	4123850.9059202364
302669.29331904824	4123850.595231288
302669.3071488828	4123850.283708121
302669.3139356256	4123849.9619231387
302669.32463519997	4123849.661913117
302669.32620258647	4123849.3510156143
302669.3275091203	4123849.029022079
302669.32855479885	4123848.6959325094
302669.33847181394	4123848.3626343864
302669.330646161	4123848.029753373
302669.3405631792	4123847.6964552486
302669.3502193432	4123847.352061092
302669.35126503	4123847.0189715237
302669.343439381	4123846.686090511
302669.3442242136	4123846.341904908
302669.345009049	4123845.9977193065
302669.34109622566	4123845.6537422594
302669.3288360465	4123845.3097652136
302669.32936002896	4123844.9544835784
302669.3387553519	4123844.5989933894
302669.3481506771	4123844.2435032004
302669.3486746644	4123843.888221566
302669.3494595089	4123843.544035965
302669.3499834989	4123843.1887543323
302669.35990054056	4123842.8554562116
302669.3520749026	4123842.5225752
302669.35312060564	4123842.189485634
302669.35416631127	4123841.856396067
302669.3466015301	4123841.5346110906
302669.3567794338	4123841.2124090036
302669.35808599624	4123840.8904154715
302669.3416498754	4123840.5688390504
302669.3432172939	4123840.257941553
302669.3359133707	4123839.94725261
302669.3286094479	4123839.636563666
302669.3299160148	4123839.314570136
302669.32261209335	4123839.003881193
302669.33252915356	4123838.6705830744
302669.3513175616	4123838.337076401
302669.34375278896	4123838.015291426
302669.34479850804	4123837.6822018614
302669.34610508254	4123837.3602083325
302669.3510636173	4123837.026910214
302669.36098068696	4123836.6938206507
302669.3578527459	4123836.349635054
302669.3711609222	4123835.9828402814
302669.3758609181	4123835.605366584
302669.38447372656	4123835.2165882997
302669.38447604177	4123834.8391146027
302669.39334970847	4123834.4614323517
302669.384480678	4123834.084167211
302669.3936152022	4123833.7175809946
302669.3944000851	4123833.3733953973
302669.39492411545	4123833.01811377
302669.3962307096	4123832.6961202426
302669.3923179043	4123832.3630306814
302669.3988439002	4123832.052133188
302669.4004113501	4123831.741235694
302669.40197880263	4123831.430338201
302669.4092873647	4123830.9860797497
302669.41450676916	4123830.6860697377
302669.42520643154	4123830.375172244
302669.4314715861	4123830.0418741293
302669.43251733884	4123829.7087845705
302669.42417003063	4123829.353711498
302669.42547663755	4123829.031717972
302669.4267832469	4123828.7097244463
302669.4283507095	4123828.3988269544
302669.4210468178	4123828.088138017
302669.41896233824	4123827.6218960555
302669.4205298043	4123827.310998564
302669.41322591493	4123827.000309627
302669.41453252966	4123826.6783161014
302669.40696778847	4123826.356531132
302669.4080135535	4123826.0234415727
302669.4093201716	4123825.7014480494
302669.41062679206	4123825.3794545247
302669.40306205384	4123825.057669555
302669.4046295281	4123824.746772064
302669.41193812864	4123824.302513619
302669.41898587905	4123823.8471591403
302669.4205533581	4123823.5362616517
302669.42185998673	4123823.214268128
302669.42290576245	4123822.881178572
302669.432822902	4123822.5478804614
302669.4427400434	4123822.2145823524
302669.45291803824	4123821.892380275
302669.4628351836	4123821.5590821663
302669.47196977306	4123821.1924959584
302669.4805826595	4123820.8037176817
302669.4884129908	4123820.3816513065
302669.5048538364	4123819.9482803433
302669.51216246875	4123819.504021902
302669.5199928086	4123819.081955527
302669.5280840035	4123818.6709851855
302669.52782553836	4123818.282415465
302669.52756707475	4123817.8938457435
302669.527308614	4123817.5052760234
302669.5189613432	4123817.1502029574
302669.510614073	4123816.7951298924
302669.50252765557	4123816.4511528593
302669.50331260683	4123816.1069672722
302669.4957478951	4123815.785182306
302669.4881831839	4123815.463397339
302669.47748824826	4123815.0084599745
302669.4759255367	4123814.56441009
302669.4842776052	4123814.1645357846
302669.47462608176	4123813.753982553
302669.4832390052	4123813.365204281
302669.48271970876	4123812.96553853
302669.49002837855	4123812.521280093
302669.4884656776	4123812.0772302104
302669.49629605596	4123811.6551638395
302669.4957767661	4123811.2554980908
302669.48638610414	4123810.856040894
302669.4796039599	4123810.411991012
302669.472039261	4123810.0904146
302669.4694331639	4123809.7573250514
302669.46995728696	4123809.4020434343
302669.4707422643	4123809.057857852
302669.46291671717	4123808.7249768553
302669.4642233985	4123808.4029833404
302669.46553008095	4123808.080989824
302669.4493548623	4123807.770509448
302669.4597937764	4123807.4594034124
302669.4524899359	4123807.1487144837
302669.45405747375	4123806.837817001
302669.45510331134	4123806.504727453
302669.464759676	4123806.160333318
302669.4738943415	4123805.793747118
302669.4916395386	4123805.415856331
302669.4913811255	4123805.027286619
302669.4999940954	4123804.638508353
302669.49973568576	4123804.2499386407
302669.50913121324	4123803.894448475
302669.50078397884	4123803.5393754137
302669.5060034456	4123803.206285868
302669.5031365324	4123802.8842923534
302669.50418238493	4123802.5512028085
302669.50470653805	4123802.1959211957
302669.51331952296	4123801.807142932
302669.5130611254	4123801.41857322
302669.5128027294	4123801.030003509
302669.50445550296	4123800.67493045
302669.50445796165	4123800.2974567735
302669.5055038235	4123799.964367228
302669.501851913	4123799.6536783027
302669.5146409835	4123799.2203073543
302669.5044678074	4123798.7875620653
302669.54830550903	4123798.3868535594
302669.5467428743	4123797.942803686
302669.5488321497	4123797.4987538108
302669.5464869668	4123797.1767603005
302669.5475328429	4123796.8436707566
302669.53709882614	4123796.3998294366
302669.53579705005	4123795.9668755964
302669.5256238859	4123795.5341303092
302669.5238004124	4123795.078984403
302669.52484629524	4123794.7458948614
302669.5157165357	4123794.357533707
302669.4982370846	4123793.9915731694
302669.48910732614	4123793.6032120152
302669.4966769535	4123793.170049626
302669.48676464683	4123792.7484003734
302669.4859845857	4123792.3376386003
302669.51155785716	4123791.915155138
302669.47685732227	4123791.5718037738
302669.4552017815	4123791.2054261356
302669.50347649516	4123790.8162307725
302669.52174348314	4123790.460532061
302669.55775326776	4123790.104416246
302669.5478409742	4123789.682766995
302669.57367511827	4123789.271379567
302669.6266451594	4123788.881558553
302669.5290622938	4123788.506378956
302669.5457641984	4123788.084104049
302669.4914949173	4123787.6634975597
302669.4377473321	4123787.2650831365
302669.5066342396	4123786.797172786
302669.34799495153	4123786.4678371865
302669.1721345512	4123786.161110762
302669.0322814422	4123785.8757421947
302668.97070583014	4123785.521920459
302668.98792942625	4123785.1218376183
302669.02263497957	4123784.7102416395
302669.03907603427	4123784.2768707015
302669.08291384927	4123783.876162202
302669.1345796746	4123783.430861023
302669.14267103863	4123783.019890703
302669.1685052137	4123782.608503279
302669.13380465837	4123782.2651519184
302669.1859922032	4123781.842042806
302669.19434442767	4123781.4421685194
302669.1896491353	4123781.133773677
302669.0816296865	4123780.8008926935
302669.08919936256	4123780.3677303093
302669.07067652035	4123779.957385649
302669.0894652533	4123779.623879008
302669.02214840974	4123779.259586898
302669.0038864158	4123778.8490336835
302668.9991936439	4123778.426967334
302668.8916958625	4123778.007612165
302668.8838703721	4123777.674731183
302668.8669126221	4123777.330962721
302668.8588262828	4123776.986985706
302668.83273627335	4123776.632329763
302668.81473512563	4123776.2441771687
302668.81056153146	4123775.9002001546
302668.79804074974	4123775.5340310745
302668.8074363868	4123775.178540921
302668.808482312	4123774.845451388
302668.80091767584	4123774.5236664386
302668.8022244539	4123774.2016729387
302668.8004010385	4123773.746527046
302668.80770988914	4123773.302268634
302668.8071907249	4123772.9026029045
302668.80667156354	4123772.5029371753
302668.8064132519	4123772.11436748
302668.8066766417	4123771.74798985
302668.8160722961	4123771.3924996997
302668.83407852193	4123771.0257049655
302668.8442567284	4123770.703502914
302668.836952953	4123770.3928139997
302668.8364338035	4123769.9931482715
302668.82756493514	4123769.6158831622
302668.8283500322	4123769.271697599
302668.82078541064	4123768.949912654
302668.8299202316	4123768.5833264724
302668.8314878807	4123768.272429008
302668.8067021203	4123767.9732532306
302668.8077480715	4123767.6401637
302668.809315723	4123767.329266235
302668.80201195437	4123767.018577322
302668.78531506687	4123766.6859048964
302668.76783563383	4123766.3199443733
302668.76731649664	4123765.9202786484
302668.7511413082	4123765.609798287
302668.7519264171	4123765.2656127256
302668.7352295314	4123764.9329403006
302668.7190543419	4123764.622459941
302668.6760040348	4123764.301509205
302668.6950536907	4123763.9790986036
302668.70549277426	4123763.6679925886
302668.7036694016	4123763.212846703
302668.6754926046	4123762.769422505
302668.61522113904	4123762.471080939
302668.6434030768	4123762.15955782
302668.6303580729	4123761.8157893624
302668.6449733138	4123761.4711867007
302668.654108164	4123761.104600523
302668.6635038649	4123760.749110379
302668.6731604164	4123760.4047162645
302668.6658566593	4123760.0940273567
302668.67107620847	4123759.760729278
302668.66768776183	4123759.4167522714
302668.65986231004	4123759.083871296
302668.6609082876	4123758.7507817713
302668.6622151148	4123758.428788277
302668.6543896654	4123758.0959073035
302668.6465642165	4123757.7630263283
302668.64761019964	4123757.4299368034
302668.6478736381	4123757.063559181
302668.63900479884	4123756.686294078
302668.6431809636	4123756.286628357
302668.6288343145	4123755.876075156
302668.6283152138	4123755.4764094376
302668.63718924474	4123755.0987272314
302668.6371918437	4123754.721253578
302668.63797698944	4123754.377068021
302668.6478944183	4123754.043769947
302668.6492012616	4123753.7217764547
302668.6565102149	4123753.2775180563
302668.6646017146	4123752.866547753
302668.6729540647	4123752.4666734845
302668.6732175235	4123752.100295865
302668.7000952948	4123751.733292591
302668.71027358604	4123751.4110905495
302668.711580441	4123751.089097058
302668.72984763014	4123750.7333983695
302668.74654973706	4123750.3111234857
302668.7457698187	4123749.9003617372
302668.75333964574	4123749.4671993735
302668.75255972997	4123749.0564376246
302668.7632597303	4123748.756427651
302668.75360837823	4123748.345874454
302668.73795490747	4123747.935321259
302668.72517338867	4123747.5138805816
302668.71500034415	4123747.0811353223
302668.67795212596	4123746.6379196844
302668.7181357807	4123746.30420451
302668.68917646597	4123745.982628125
302668.69961562916	4123745.671522118
302668.69231190823	4123745.360833215
302668.6936187851	4123745.038839728
302668.68109548057	4123744.70595876
302668.6696182069	4123744.395478406
302668.6711859335	4123744.084580952
302668.66388221533	4123743.7738920506
302668.6602303564	4123743.463411697
302668.6404033338	4123743.152722795
302668.6276191828	4123742.842450996
302668.5989207141	4123742.520874611
302668.57335240906	4123742.188410746
302668.56943970325	4123741.8668343634
302668.54048038577	4123741.5452579795
302668.51517292723	4123741.2238901486
302668.4898654665	4123740.902522315
302668.4642971578	4123740.5700584506
302668.4389896954	4123740.2486906205
302668.4139430792	4123739.938418821
302668.38889646204	4123739.6281470214
302668.3638498455	4123739.317875223
302668.33906407375	4123739.018699456
302668.31401745416	4123738.708427658
302668.28897083376	4123738.3981558587
302668.2550527618	4123738.0880926107
302668.2300061394	4123737.7778208135
302668.2049595161	4123737.4675490153
302668.179912892	4123737.157277218
302668.14547312073	4123736.8250219068
302668.11077250075	4123736.4816705645
302668.0846824846	4123736.1270146375
302668.0317172599	4123735.761888335
302667.9876234854	4123735.3965534805
302667.92552595335	4123735.0205396954
302667.87256071897	4123734.6554133943
302667.82011717604	4123734.312479155
302667.75932386867	4123733.9919455335
302667.7374073982	4123733.671203362
302667.66435161256	4123733.350252635
302667.6126906002	4123733.0406064964
302667.5910349736	4123732.7309603556
302667.5096294148	4123732.432410248
302667.4671006986	4123732.133651589
302667.3856951295	4123731.691478721
302667.3131610118	4123731.249097301
302667.252628522	4123730.9396597147
302667.1918351796	4123730.6191260954
302667.12138783094	4123730.2655129344
302667.0506796295	4123729.9008037425
302666.9885820363	4123729.524789966
302666.94892262504	4123729.160289325
302666.83855499665	4123728.806676166
302666.7772399348	4123728.463950486
302666.72505717864	4123728.1321122875
302666.6556531919	4123727.822883258
302666.5948598145	4123727.5023496435
302666.5228473349	4123727.0821602945
302666.4419633872	4123726.6621794985
302666.3709942908	4123726.2863742784
302666.29167542333	4123725.932969676
302666.2126173992	4123725.590661106
302666.1322551244	4123725.192872377
302666.0419779831	4123724.750908072
302665.9720522559	4123724.419486984
302665.88438359334	4123724.088483002
302665.81445785664	4123723.757061914
302665.7447929648	4123723.43673686
302665.6665174513	4123723.127716391
302665.5496258703	4123722.686377753
302665.43299512845	4123722.2561351475
302665.34584812704	4123721.947323234
302665.2493079527	4123721.616527812
302665.1438963021	4123721.2859409447
302665.05622758315	4123720.9549369705
302664.9604699392	4123720.6574296467
302664.87358375895	4123720.359713771
302664.78669757454	4123720.0619978947
302664.7092045543	4123719.653947361
302664.5544793538	4123719.245896831
302664.43784852664	4123718.8156542387
302664.3501797636	4123718.4846502705
302664.24398549634	4123718.120775317
302664.1555341671	4123717.7564832554
302664.0670828326	4123717.3921911935
302663.96114939416	4123717.0394122754
302663.87321974745	4123716.6973122796
302663.77667947195	4123716.3665168714
302663.6804000413	4123716.046817497
302663.5752491286	4123715.727326679
302663.5272398334	4123715.3965312745
302663.35503240174	4123715.044169474
302663.2574486853	4123714.6689899433
302663.15073263255	4123714.282922938
302663.0176629928	4123713.908577633
302662.9117294785	4123713.5557987257
302662.7969244794	4123713.2032283763
302662.70012328064	4123712.861336948
302662.59471144946	4123712.5307501084
302662.4898213149	4123712.2223553327
302662.3846703223	4123711.9028645274
302662.2886516531	4123711.5942611983
302662.18350064685	4123711.2747703954
302662.0874819662	4123710.9661670676
302661.944758198	4123710.558742239
302661.8200382342	4123710.161996329
302661.6958399657	4123709.7874424867
302661.58025231655	4123709.4015840543
302661.43726765097	4123708.9830632014
302661.3232451045	4123708.6637809644
302661.22748722415	4123708.3662736784
302661.11372551724	4123708.0580874756
302661.0088352859	4123707.7496927166
302660.8859412268	4123707.4306190424
302660.7541756744	4123707.111753929
302660.6492854209	4123706.8033591737
302660.5172589981	4123706.4733980307
302660.4032363902	4123706.1541158045
302660.2889529199	4123705.823737549
302660.16631966486	4123705.515759916
302660.02568257507	4123705.19710337
302659.96880168305	4123704.8889171826
302659.78902665526	4123704.569843523
302659.65752188175	4123704.262074455
302659.53488858533	4123703.954096831
302659.3939905941	4123703.6243442614
302659.2530925929	4123703.294591696
302659.12993755785	4123702.9644220127
302658.998171882	4123702.645556921
302658.8570129952	4123702.304708329
302658.75186177087	4123701.985217563
302658.60235308786	4123701.6667695977
302658.4878086429	4123701.325295331
302658.3469105745	4123700.995542778
302658.2414984599	4123700.6649559857
302658.09120716597	4123700.313219933
302657.9683129096	4123699.994146297
302657.80915010266	4123699.6426188094
302657.67660176114	4123699.290465642
302657.5260495654	4123698.9276335654
302657.42924803525	4123698.58574219
302657.27895667683	4123698.2340061497
302657.12944788346	4123697.9155582073
302656.98933228943	4123697.6190937688
302656.83982347586	4123697.3006458315
302656.72658320813	4123697.0146517456
302656.5775960924	4123696.718395875
302656.46409495024	4123696.4213057593
302656.28797160974	4123696.1034835163
302656.1564665982	4123695.795714498
302656.01556836243	4123695.465961979
302655.8391841277	4123695.1370437127
302655.69019695226	4123694.840787856
302655.55895276275	4123694.544114877
302655.3825684947	4123694.2151966197
302655.24271364755	4123693.929828239
302655.066068494	4123693.589813956
302654.9262136285	4123693.304445581
302654.77722639305	4123693.0081897387
302654.61962851	4123692.7232384947
302654.46176975535	4123692.4271912216
302654.28616798954	4123692.1315610805
302654.12830921356	4123691.835513814
302653.98010451364	4123691.5725460807
302653.8318998064	4123691.309578349
302653.6189859538	4123690.9371102555
302653.42433681316	4123690.5864171
302653.22055529256	4123690.2248364827
302652.99824816	4123689.830384904
302652.8497825304	4123689.556321157
302652.6744415194	4123689.2717870777
302652.49936135975	4123688.9983490338
302652.2770541649	4123688.6038974724
302652.12858849275	4123688.329833736
302651.9623798019	4123688.056187135
302651.7312010553	4123687.6619441537
302651.57412471063	4123687.399185024
302651.4259198622	4123687.136217331
302651.27771500486	4123686.87324964
302651.11150626186	4123686.599603055
302650.95390814915	4123686.3146518716
302650.7876993845	4123686.041005292
302650.612097371	4123685.7453752193
302650.4453668541	4123685.4495365825
302650.2608933089	4123685.154115084
302650.0766806192	4123684.8697896213
302649.9104718018	4123684.5961430576
302649.71738757973	4123684.31202617
302649.52404247783	4123684.016813254
302649.31295434386	4123683.722017481
302649.1196092168	4123683.4268045747
302648.93461384904	4123683.1091910372
302648.7412686959	4123682.81397814
302648.5387911486	4123682.5078777825
302648.3363135884	4123682.2017774303
302648.1429683941	4123681.9065645444
302647.94049080636	4123681.6004642006
302647.7471455856	4123681.3052513213
302647.562671865	4123681.0098298774
302647.3695874885	4123680.7257130397
302647.17650310067	4123680.4415962044
302646.9836795693	4123680.1685754056
302646.7905951557	4123679.884458579
302646.59803247085	4123679.622533821
302646.4049480326	4123679.3384170025
302646.20351381024	4123679.0767008234
302646.0193008627	4123678.7923754402
302645.8178666161	4123678.530659271
302645.64330777526	4123678.2794134184
302645.4510058929	4123678.028584716
302645.25896487175	4123677.7888520486
302645.0757953569	4123677.5489108115
302644.8101734546	4123677.199886422
302644.54429065774	4123676.8397660092
302644.2609256777	4123676.4911587834
302644.0506198065	4123676.2296512253
302643.8314424054	4123675.9683522475
302643.6117432422	4123675.6848612106
302643.3743010274	4123675.4017873295
302643.11937663413	4123675.1302266354
302642.8730628694	4123674.8473613444
302642.62700996397	4123674.5755920904
302642.36373575503	4123674.3264320567
302642.1270760902	4123674.0766463038
302641.8904164116	4123673.8268605573
302641.6628891171	4123673.5879622716
302641.46223724773	4123673.359534293
302641.22583840846	4123673.120844594
302641.0074434749	4123672.8928337796
302640.79818092857	4123672.6757104252
302640.46210828447	4123672.3505468466
302640.2437133108	4123672.1225360506
302640.02557920426	4123671.9056212916
302639.81605573086	4123671.677401927
302639.58878919925	4123671.449599725
302639.37065505877	4123671.2326849825
302639.1436493844	4123671.015978824
302638.916382817	4123670.788176639
302638.65389102336	4123670.572304812
302638.3997489795	4123670.3340323465
302638.13647451514	4123670.0848724386
302637.86432850984	4123669.835921117
302637.5921824886	4123669.586969806
302637.3202973347	4123669.3491145326
302637.04789039923	4123669.0890672053
302636.77574433107	4123668.840115919
302636.5038591289	4123668.602260671
302636.2225806185	4123668.3424219503
302635.9595669119	4123668.104358137
302635.69655319053	4123667.866294333
302635.42466792767	4123667.628439117
302635.1705257031	4123667.390166744
302634.9343874048	4123667.162573244
302634.67137362517	4123666.924509469
302634.41749224404	4123666.6973331496
302634.12734207837	4123666.4377030786
302633.8374527813	4123666.189169049
302633.56504563714	4123665.929121827
302633.26602388883	4123665.6697003692
302632.9761345399	4123665.421166367
302632.72199218004	4123665.182894063
302632.4412352161	4123664.945247525
302632.17874307407	4123664.729375887
302631.9159900297	4123664.502408225
302631.6621085014	4123664.2752319835
302631.399355429	4123664.0482643354
302631.137124122	4123663.843488761
302630.8835034431	4123663.627408573
302630.6301436428	4123663.422424423
302630.37678382883	4123663.2174402834
302630.1328173175	4123663.0344396248
302629.78004438203	4123662.7540777493
302629.40143950214	4123662.5076297517
302629.148601415	4123662.324837709
302628.77886802924	4123662.0781811494
302628.488456637	4123661.807455229
302628.162819984	4123661.548659714
302627.84605484444	4123661.289655617
302627.59269489744	4123661.084671555
302627.339595834	4123660.8907835325
302627.07710343215	4123660.6749120434
302626.80600037886	4123660.470345187
302626.50854360126	4123660.277500147
302626.2374405209	4123660.0729333083
302625.9311121793	4123659.8802968804
302625.6694024006	4123659.6977135297
302625.40717081627	4123659.4929381227
302625.15381075494	4123659.2879541307
302624.85661479516	4123659.106205179
302624.6126480409	4123658.9232046716
302624.3415448697	4123658.7186378906
302624.0623528436	4123658.5475678085
302623.68296490214	4123658.2678319598
302623.3218418116	4123658.0098709995
302622.95236896	4123657.774310715
302622.69118084887	4123657.6139195166
302622.34884437965	4123657.399925533
302622.10487751977	4123657.2169250958
302621.770890754	4123656.980530474
302621.42907603737	4123656.7887285906
302621.0950892336	4123656.5523339943
302620.84146807494	4123656.336254093
302620.59724024765	4123656.142157665
302620.318830768	4123656.004375797
302619.9230040228	4123655.7805374656
302619.60676021787	4123655.543725728
302619.25555203966	4123655.329940465
302618.97557707725	4123655.1255824473
302618.66924838326	4123654.932946271
302618.4080600996	4123654.7725552
302618.1382611696	4123654.6234687692
302617.8671576982	4123654.4189021853
302617.5702223073	4123654.2482495112
302617.2286682857	4123654.0675438233
302616.9314719608	4123653.885795137
302616.6347974404	4123653.726238527
302616.33786199836	4123653.5555858933
302615.96995420055	4123653.3866020944
302615.5916093867	4123653.1512507224
302615.3215494429	4123652.9910683455
302614.97060195357	4123652.788379284
302614.7545539796	4123652.573968393
302614.3589878322	4123652.4474913515
302614.10719275114	4123652.2345407153
302613.7379802908	4123652.084620001
302613.4139082704	4123651.892401218
302613.126366065	4123651.7437321525
302612.6791360385	4123651.59881801
302612.3819395224	4123651.4170694784
302611.9623677558	4123651.3159136823
302611.5683669568	4123651.169747954
302611.15662305156	4123651.0239994605
302610.85264225886	4123650.931227848
302610.3868863028	4123650.7534429445
302610.07429486	4123650.671975998
302609.7264781434	4123650.6024395344
302609.39509992587	4123650.477005705
302609.0457176855	4123650.3408930763
302608.60527170205	4123650.1070022755
302608.32581813284	4123649.9248366626
302608.07141367777	4123649.6754690297
302607.82666351437	4123649.459180891
302607.61505125125	4123649.1421940224
302607.36899646104	4123648.870425733
302607.1571232469	4123648.5423428426
302606.9113293458	4123648.2816705992
302606.6652745087	4123648.0099023283
302606.3933877705	4123647.7720480016
302606.1128903895	4123647.5454983283
302605.8146498947	4123647.3193658898
302605.48196687095	4123647.1384520456
302605.1404122827	4123646.9577468284
302604.82573325466	4123646.787511814
302604.4841786369	4123646.6068066224
302604.1520174025	4123646.4480848927
302603.8381211071	4123646.311138009
302603.5153532491	4123646.174399754
302603.22807158425	4123646.0368270464
302602.86955657287	4123645.8898272472
302602.53765620396	4123645.742201612
302602.2409811027	4123645.582645489
302601.93569536513	4123645.4343940266
302601.5857909284	4123645.2760896296
302601.21788244497	4123645.1071064514
302600.89511449344	4123644.9703682926
302600.5804352972	4123644.8001334313
302600.2670607326	4123644.685378742
302599.93542119523	4123644.5488492395
302599.52289394767	4123644.3698131964
302599.2617049502	4123644.209422695
302598.9919053188	4123644.0603368543
302598.7129731934	4123643.900363612
302598.4256913663	4123643.76279106
302598.1647632596	4123643.6134966235
302597.80598711397	4123643.455401001
302597.5367092958	4123643.2428683424
302597.10539509053	4123643.105504458
302596.79149854346	4123642.968557829
302596.3964533196	4123642.7780086594
302596.0290664814	4123642.6312177647
302595.63297748426	4123642.3962845006
302595.4237130042	4123642.179162206
302595.12729856756	4123642.0307023576
302594.83062318544	4123641.8711464847
302594.55273464817	4123641.7555575036
302594.2114405248	4123641.5859487443
302593.95025133365	4123641.425558402
302593.5818206387	4123641.234383482
302593.2225224207	4123641.0540959826
302592.88983885804	4123640.873182618
302592.5662877775	4123640.703156671
302592.3050985257	4123640.5427663764
302592.0352986461	4123640.39368075
302591.75688813766	4123640.2558997916
302591.4604735632	4123640.107440067
302591.19041271164	4123639.9472584347
302590.9120021735	4123639.809477502
302590.5968006857	4123639.617050934
302590.32700074266	4123639.4679653607
302590.0472854631	4123639.2747042933
302589.7146017582	4123639.0937910504
302589.4093155451	4123638.945540026
302589.1042902627	4123638.808385043
302588.7982211965	4123638.626845942
302588.50206745224	4123638.4894823497
302588.1959983606	4123638.307943268
302587.8995836496	4123638.159483665
302587.6117795437	4123637.9997194065
302587.2793566777	4123637.829902286
302586.9826809864	4123637.670346683
302586.68574433704	4123637.4996950543
302586.33453452145	4123637.285911106
302586.05560191476	4123637.125938265
302585.7591871213	4123636.9774787338
302585.479993545	4123636.806409878
302585.1478315338	4123636.6476888717
302584.83341263287	4123636.4885506085
302584.56282963447	4123636.306177114
302584.27580824436	4123636.179701063
302584.0052252233	4123635.997327587
302583.7093322512	4123635.8710601893
302583.4309214455	4123635.733279497
302583.15198872855	4123635.5733067477
302582.8464413108	4123635.4139599185
302582.531761365	4123635.243725706
302582.2345635819	4123635.0619781953
302581.9206664682	4123634.9250321025
302581.58850430837	4123634.766311233
302581.2907845803	4123634.5623716894
302580.9320077012	4123634.4042767603
302580.59906263824	4123634.212267831
302580.26637851534	4123634.031354946
302579.9605700278	4123633.860912187
302579.6545005709	4123633.6793734035
302579.30381231813	4123633.4877818036
302578.9708671806	4123633.295772936
302578.6470545496	4123633.114651472
302578.29636624746	4123632.9230599105
302577.99055767705	4123632.75261722
302577.6038611623	4123632.539668191
302577.2719597793	4123632.392043518
302576.97476177523	4123632.210296186
302576.65121001564	4123632.040270829
302576.3185257147	4123631.8593580932
302576.0215886311	4123631.688706827
302575.69803683076	4123631.518681504
302575.40136068116	4123631.3591262903
302575.1229495788	4123631.2213458624
302574.82575148414	4123631.039598603
302574.5204646938	4123630.8913480993
302574.2506641662	4123630.74226302
302573.9719920603	4123630.593386595
302573.81569400977	4123629.986443141
302573.90649624733	4123629.695651179
302573.9349365396	4123629.395223712
302573.73428177903	4123629.1667972486
302573.4282120124	4123628.985258681
302573.12292512157	4123628.837008224
302572.82624882844	4123628.677453096
302572.477125988	4123628.552437965
302572.08129659784	4123628.3286017934
302571.8114959438	4123628.179516789
302571.51586346305	4123628.064345837
302571.13908199564	4123627.895572574
302570.8611926375	4123627.779984345
302570.5736487992	4123627.6313166777
302570.20521693013	4123627.4401427414
302569.78355560737	4123627.2502207235
302569.39738055633	4123627.059464121
302569.11896920664	4123626.9216838824
302568.7497543634	4123626.697221909
302568.354446719	4123626.495577971
302567.9322633627	4123626.2834639777
302567.63610881334	4123626.1461010925
302567.3396932829	4123625.997642185
302567.0427558002	4123625.82699122
302566.7377296437	4123625.6898370185
302566.4405311651	4123625.5080900416
302566.1078463725	4123625.327177695
302565.7751615662	4123625.146265359
302565.43386614264	4123624.9766577245
302565.100920332	4123624.7846493814
302564.78571765835	4123624.5922237393
302564.44416121615	4123624.4115201104
302564.1193040109	4123624.18601505
302563.7871410635	4123624.0272948565
302563.4633277284	4123623.8461739514
302563.1575185087	4123623.6757317767
302562.86945243017	4123623.504872296
302562.55451063055	4123623.3235427677
302562.24791844	4123623.1198125253
302561.92436601256	4123622.9497877103
302561.6798748366	4123622.7445968767
302561.3837200514	4123622.6072342037
302561.0862603616	4123622.4143913756
302560.77992908016	4123622.2217572173
302560.48273034196	4123622.040010444
302560.1774429525	4123621.8917604373
302559.8982483272	4123621.720692395
302559.6200976132	4123621.5940084923
302559.3583851436	4123621.41142711
302559.0883230452	4123621.2512464654
302558.71101903677	4123621.060281674
302558.35067522206	4123620.8356114742
302557.97232724435	4123620.600262583
302557.58589061507	4123620.39841047
302557.2623379819	4123620.228385827
302556.9473959325	4123620.0470564985
302556.6682011767	4123619.875988559
302556.3717852165	4123619.727530023
302556.1019839902	4123619.578445501
302555.82409412856	4123619.4628577526
302555.5096739882	4123619.303720542
302555.24013371696	4123619.165732081
302554.9257135547	4123619.006594891
302554.6559122766	4123618.8575104154
302554.225639545	4123618.6788938483
302553.9193079618	4123618.486259929
302553.5868835931	4123618.3164440896
302553.2993391013	4123618.16777699
302552.98439688364	4123617.986447805
302552.6431008908	4123617.8168406696
302552.3727775512	4123617.645564197
302552.0309595503	4123617.4537650202
302551.73454341607	4123617.305306641
302551.43734429864	4123617.1235601716
302551.1409281415	4123616.975101813
302550.87921533594	4123616.7925206837
302550.5919317327	4123616.6549497056
302550.31325871276	4123616.506074034
302550.0257140981	4123616.357407041
302549.75617363665	4123616.219418749
302549.4506248357	4123616.0600730856
302549.0829749256	4123615.902188137
302548.62530417053	4123615.6909097633
302548.35550266644	4123615.5418254803
302548.08570115373	4123615.3927412075
302547.79841745424	4123615.255170323
302547.3851045596	4123615.042848647
302547.10564843495	4123614.860684978
302546.80949311354	4123614.723322799
302546.53055896005	4123614.5633512135
302546.1527323464	4123614.350194899
302545.7926488882	4123614.136621248
302545.51345369604	4123613.965553663
302545.24391307787	4123613.827565509
302544.92975351005	4123613.679524713
302544.6510802838	4123613.530649222
302544.3363986942	4123613.36041638
302544.0313716801	4123613.223262972
302543.707818476	4123613.053238832
302543.42888420424	4123612.8932673447
302543.105852978	4123612.7454352914
302542.8263966796	4123612.56327176
302542.5391127899	4123612.4257010464
302542.2520898933	4123612.2992263758
302541.973155567	4123612.1392549365
302541.64125269314	4123611.9916316182
302541.3179603938	4123611.8327035992
302540.92239033664	4123611.6199648688
302540.5633506406	4123611.4507755665
302540.16856356163	4123611.27132497
302539.9076333469	4123611.1220322656
302539.5303284121	4123610.931068304
302539.2607875906	4123610.793080335
302538.97376458265	4123610.6666057734
302538.68621955195	4123610.517939154
302538.3373563917	4123610.4040214266
302538.06755452254	4123610.2549374606
302537.70851470536	4123610.085748276
302537.4118370296	4123609.9261943502
302537.10628774785	4123609.766849119
302536.81013206835	4123609.629487278
302536.5131933468	4123609.4588373485
302536.2259092371	4123609.3212668463
302535.92897049326	4123609.1506169355
302535.551665372	4123608.9596531442
302535.1918424084	4123608.757175963
302534.92151840345	4123608.5859000282
302534.5885712024	4123608.3938928456
302534.30989760405	4123608.245017682
302534.0403566039	4123608.1070298757
302533.77029356593	4123607.9468500097
302533.4916199372	4123607.797974873
302533.22155687946	4123607.6377950246
302532.94314424484	4123607.500015939
302532.6733421803	4123607.3509321404
302532.3140411066	4123607.1706471443
302532.03588945634	4123607.0439641206
302531.6763273369	4123606.8525831173
302531.3879989864	4123606.6706286394
302531.0921041119	4123606.5443630284
302530.80429777235	4123606.3846006333
302530.5253630176	4123606.224629559
302530.13031443895	4123606.0340833855
302529.7976280404	4123605.853172417
302529.52782586333	4123605.7040887154
302529.22279830766	4123605.5669358256
302528.9164656419	4123605.37430278
302528.6190045589	4123605.181461052
302528.3053663902	4123605.05561292
302527.9998167469	4123604.8962680064
302527.70313868934	4123604.7367144097
302527.3164395264	4123604.5237676017
302526.92974034336	4123604.310820809
302526.63332326734	4123604.162363282
302526.3366451561	4123604.0028097318
302526.01256916486	4123603.8105941787
302525.6624004084	4123603.641196793
302525.35632860963	4123603.4596599047
302525.0150314236	4123603.290053848
302524.7178311993	4123603.108308286
302524.38514455897	4123602.927397523
302524.0801168107	4123602.790244813
302523.79204917396	4123602.6193866166
302523.46901717514	4123602.4715552907
302523.16320631077	4123602.301114514
302522.8493069173	4123602.164170546
302522.53540751175	4123602.0272265896
302522.1395754546	4123601.8033926766
302521.86090140115	4123601.6545179114
302521.5830104253	4123601.538931255
302521.29572578066	4123601.4013612415
302520.90980938106	4123601.2217028164
302520.5507688018	4123601.0525143365
302520.16537443106	4123600.8950480125
302519.80685588444	4123600.74805163
302519.5289648472	4123600.632465039
302519.1704462783	4123600.485468685
302518.8197551662	4123600.293879506
302518.42548912135	4123600.1366219623
302518.030700992	4123599.9571723696
302517.6275633114	4123599.800123565
302517.24190778716	4123599.631561338
302516.9011323382	4123599.484147665
302516.5700115877	4123599.369813402
302516.26576667815	4123599.265949068
302515.8986374183	4123599.130257586
302515.5675166394	4123599.0159233618
302515.27214330714	4123598.911850356
302514.95876571885	4123598.797098739
302514.6633923701	4123598.693025754
302514.3322715546	4123598.578691576
302513.97453591216	4123598.464983536
302513.63480451005	4123598.3619541284
302513.3219489568	4123598.269394638
302513.0357082118	4123598.1762090335
302512.7317242491	4123598.0834408556
302512.4013865026	4123598.002394854
302511.99929277436	4123597.889730446
302511.7049635196	4123597.8300416963
302511.293476081	4123597.695393968
302510.90886449034	4123597.5712161544
302510.54173505737	4123597.435524903
302510.1482518343	4123597.3115558377
302509.8526173214	4123597.1963869818
302509.51236371853	4123597.071165668
302509.1809817115	4123596.9457356557
302508.8049806125	4123596.810253191
302508.4467227146	4123596.6743533127
302508.0615889347	4123596.5279835607
302507.67697723495	4123596.403805893
302507.2923655229	4123596.279628242
302506.8991432391	4123596.1667553596
302506.5147925514	4123596.053673776
302506.12157024327	4123595.940800928
302505.7199984162	4123595.8503288827
302505.32729818625	4123595.759648137
302504.9257263385	4123595.6691761287
302504.51502182125	4123595.567816824
302504.1314542234	4123595.48802345
302503.73927606095	4123595.4195348457
302503.37371271825	4123595.3504201015
302503.0172820306	4123595.292192687
302502.6699840008	4123595.244852599
302502.33103546675	4123595.17511174
302502.00148064445	4123595.1273542386
302501.68966903817	4123595.079179309
302501.3867290367	4123595.030795668
302500.949931717	4123594.952254767
302500.5136565021	4123594.895905956
302500.07738127874	4123594.839557167
302499.75695909327	4123594.8026870657
302499.31181224796	4123594.746547038
302499.00939433253	4123594.720355551
302498.5736412046	4123594.6861989074
302498.14728179923	4123594.674025629
302497.7209223927	4123594.661852372
302497.3039567159	4123594.6716624782
302496.8783804892	4123594.692777366
302496.4436715904	4123594.7030049684
302496.0006132067	4123594.735633387
302495.5572937631	4123594.7571657966
302495.1231069922	4123594.7895855354
302494.68892022455	4123594.822005296
302494.2633440036	4123594.8431203174
302493.8377677821	4123594.86423536
302493.5363941042	4123594.8824282032
302493.22614881746	4123594.9008297897
302492.90703192045	4123594.9194401167
302492.5876539571	4123594.926954423
302492.26853706094	4123594.945564775
302491.9405485546	4123594.964383871
302491.6125600502	4123594.98320298
302491.27622207324	4123595.0244229008
302490.93936196016	4123595.0434507686
302490.62050613784	4123595.0731572188
302490.29277870606	4123595.103072413
302489.9827944974	4123595.1325701526
302489.6636776085	4123595.1511806045
302489.2297519328	4123595.1946966834
302488.78695465066	4123595.2384215184
302488.3352857623	4123595.2823551144
302488.03417317185	4123595.311644192
302487.60103072843	4123595.388448458
302487.30044029094	4123595.439929631
302486.99984985625	4123595.4914108133
302486.5669685034	4123595.579311167
302486.1429587685	4123595.667002807
302485.7541744036	4123595.742763482
302485.3306868364	4123595.8526472314
302485.0042648279	4123595.9380428055
302484.66897121526	4123596.023647132
302484.2984522495	4123596.121182464
302483.9185395256	4123596.1967344843
302483.5394100449	4123596.305574628
302483.17750163184	4123596.3918052353
302482.8158543054	4123596.4891318944
302482.4724723653	4123596.6082331543
302482.0946483234	4123596.772553533
302481.7332621048	4123596.880976273
302481.3721369754	4123597.000495065
302481.0196223832	4123597.108709095
302480.67624048865	4123597.2278104303
302480.34146912966	4123597.3356070016
302479.9986094202	4123597.476900434
302479.6727096857	4123597.5844882894
302479.33819943515	4123597.7033809368
302479.02117132355	4123597.810760071
302478.7127537408	4123597.906834441
302478.25482427026	4123598.061937676
302477.9370129225	4123598.13602875
302477.59363110806	4123598.255130215
302477.2499882148	4123598.3631356596
302476.9152169362	4123598.4709323733
302476.57183514757	4123598.5900338804
302476.2198428493	4123598.720440185
302475.87698325806	4123598.8617337923
302475.55108361994	4123598.969321812
302475.2254450811	4123599.0880058776
302474.9175497624	4123599.2062724587
302474.59191124036	4123599.3249565503
302474.2665338173	4123599.4547366896
302473.9675101304	4123599.5727945548
302473.6598759372	4123599.7021572175
302473.3522417542	4123599.831519891
302473.0534791852	4123599.9606738253
302472.7635882299	4123600.089619018
302472.4731750948	4123600.1963721523
302472.20128846075	4123600.335995895
302471.920008041	4123600.4536363315
302471.62176770414	4123600.6049823863
302471.35014219186	4123600.7557021924
302470.88360248064	4123600.922110631
302470.5942337828	4123601.073247971
302470.2873829816	4123601.2358988645
302469.98027109436	4123601.3874537363
302469.6731592191	4123601.5390086193
302469.39266216464	4123601.689937248
302469.08555031	4123601.841492152
302468.78783226735	4123602.015030383
302468.4895920363	4123602.1663765544
302468.19161291665	4123602.328818773
302467.88476220565	4123602.491469759
302467.569301003	4123602.6654255493
302467.2363577083	4123602.850894902
302466.91228602995	4123603.036155511
302466.5704711615	4123603.22183365
302466.237789012	4123603.418399079
302465.9137173774	4123603.603659729
302465.58964575536	4123603.7889203904
302465.2747068535	4123603.9850683413
302464.95950686163	4123604.170120268
302464.67979328905	4123604.354337165
302464.3823365246	4123604.5389715936
302464.08461866865	4123604.7125100004
302463.80516623834	4123604.9078229633
302463.5165811132	4123605.0922486624
302463.2454780947	4123605.265160813
302462.9832466882	4123605.4378642105
302462.72127639834	4123605.621663651
302462.3546746778	4123605.885640504
302462.09244330693	4123606.05834393
302461.83934465545	4123606.2419346366
302461.5598923265	4123606.4372476777
302461.30653258716	4123606.6097423662
302461.0716993865	4123606.8151076394
302460.7048366582	4123607.067988533
302460.46974237304	4123607.262257789
302460.22577650234	4123607.4567358163
302459.96432855655	4123607.6627274193
302459.7120133336	4123607.879606298
302459.42395062087	4123608.0862242165
302459.1536311171	4123608.292424612
302458.8663517702	4123608.5323306564
302458.58742181095	4123608.749835872
302458.29988138215	4123608.978645903
302458.0126020829	4123609.2185519775
302457.7253228013	4123609.4584580655
302457.4643972077	4123609.686641821
302457.220953705	4123609.903312012
302456.9686386199	4123610.1201909804
302456.6980581253	4123610.315295425
302456.48122944694	4123610.531339332
302456.24613535695	4123610.725608714
302456.02043510554	4123610.941861403
302455.78534103767	4123611.1361307995
302455.55937969184	4123611.341287466
302455.3334183571	4123611.5464441394
302455.0205689213	4123611.831360779
302454.6899763195	4123612.116694975
302454.369299809	4123612.446204551
302454.108374401	4123612.6743884212
302453.88267425745	4123612.8906411715
302453.6311427087	4123613.1408083537
302453.3882216463	4123613.379670736
302453.1813092079	4123613.6398901036
302452.9391715376	4123613.9120406047
302452.6271056355	4123614.2302454454
302452.3847068789	4123614.4912999305
302452.1686617866	4123614.7406320646
302451.96983764524	4123614.9673545836
302451.73631051974	4123615.228200313
302451.5202654677	4123615.477532466
302451.29508771474	4123615.7159773638
302451.0265965216	4123615.9998502866
302450.79254720826	4123616.238503976
302450.58563492424	4123616.498723414
302450.3429751729	4123616.7486819294
302450.12745245296	4123617.0202061916
302449.91114637	4123617.2584423525
302449.72223844164	4123617.529340296
302449.48792808346	4123617.7568979887
302449.17586246046	4123618.075102971
302448.9955650355	4123618.3346961197
302448.9172942347	4123618.780625315
302448.7192536611	4123619.040636025
302448.5290401779	4123619.3027345277
302448.23262879957	4123619.485073005
302448.12513201777	4123619.820668192
302447.9544896367	4123620.113340692
302447.6789550184	4123620.4750947617
302447.5072681509	4123620.723383133
302447.30948880035	4123620.994489917
302447.08587809757	4123621.2995111537
302446.8972314882	4123621.5815052046
302446.6647492328	4123621.886735234
302446.41687400313	4123622.2922471515
302446.1935245006	4123622.60836445
302446.01636084623	4123623.001110098
302445.8556347166	4123623.337958008
302445.6419402412	4123623.6871546484
302445.43685623497	4123624.0250464785
302445.24925427616	4123624.351424714
302445.07913436193	4123624.666289355
302444.9262353559	4123624.958544363
302444.7644647816	4123625.2510081576
302444.5338106465	4123625.633910503
302444.38926099264	4123625.903764669
302444.2449724823	4123626.1847148733
302444.0498047136	4123626.566782102
302443.85463696497	4123626.9488493367
302443.67642898695	4123627.2972109015
302443.4990044288	4123627.6788605773
302443.30435900344	4123628.0831198976
302443.10971359955	4123628.487379224
302442.933072503	4123628.902317022
302442.8065272522	4123629.1828496857
302442.7065967376	4123629.597787492
302442.51116798935	4123629.8337272336
302442.3767957389	4123630.1588528357
302442.2528618948	4123630.5503458665
302442.10883468366	4123630.8423921512
302441.99142220506	4123631.13381208
302441.839306853	4123631.459355265
302441.7036289722	4123631.7290007
302441.55386388145	4123632.1544082104
302441.4017485678	4123632.479951404
302441.2235408254	4123632.8283130312
302441.0630762429	4123633.1762570906
302440.90313395206	4123633.546393226
302440.74293053756	4123633.9054333293
302440.5832494161	4123634.286665506
302440.459576871	4123634.689254608
302440.3158109433	4123634.992396967
302440.26284984057	4123635.3822197346
302440.23050442006	4123635.893681321
302440.0974380726	4123636.274287147
302439.9813314562	4123636.6211872916
302439.8652248493	4123636.968087439
302439.7230258318	4123637.3378060265
302439.5894372539	4123637.696219791
302439.46393683355	4123638.021136664
302439.3465245663	4123638.3125566402
302439.2421621344	4123638.781304407
302439.1346660198	4123639.1168997423
302439.01751492417	4123639.4194157617
302438.9092354034	4123639.721722994
302438.7926066099	4123640.0464310884
302438.67545554205	4123640.348947115
302438.5770921812	4123640.695429706
302438.4688126951	4123640.9977369457
302438.36157778976	4123641.3444283316
302438.262953314	4123641.6798148924
302438.16485113325	4123642.0373935266
302438.0750982375	4123642.3725712993
302437.97856293514	4123642.796726154
302437.8559352473	4123643.243699453
302437.7854923649	4123643.6450358653
302437.6772129553	4123643.9473431194
302437.6052032266	4123644.2821033183
302437.53293236066	4123644.605767482
302437.4982368933	4123645.0173647697
302437.40222395037	4123645.4637117065
302437.30673330836	4123645.9322507163
302437.2428117435	4123646.233514021
302437.17027977004	4123646.546082154
302437.07269999967	4123646.9258528794
302437.035393125	4123647.226489812
302436.9558176301	4123647.6169389924
302436.8932018216	4123647.973682482
302436.7961443765	4123648.375645286
302436.7812738634	4123648.6873782557
302436.69674402406	4123649.055217784
302436.65943717887	4123649.355854719
302436.5981271309	4123649.768078394
302436.5023754573	4123650.2255213824
302436.4572416574	4123650.570751258
302436.41993483226	4123650.871388196
302436.3925441477	4123651.216200486
302436.3831577196	4123651.5716912276
302436.36568317795	4123651.9606788694
302436.28898038797	4123652.473184458
302436.279593969	4123652.828675202
302436.2649920523	4123653.339719242
302436.2556056386	4123653.6952099847
302436.2574410967	4123654.150356259
302436.2561427965	4123654.472350101
302436.2908529893	4123654.815700843
302436.324518593	4123655.11466744
302436.3156544786	4123655.4923502556
302436.3331438638	4123655.858310657
302436.3790759191	4123656.301316932
302436.4153529839	4123656.711243892
302436.4252765536	4123657.1328932676
302436.40832433884	4123657.544072985
302436.62072658894	4123657.894343908
302436.66430830874	4123658.23748586
302436.70736773475	4123658.558435739
302436.7499048661	4123658.8571935445
302436.8013135392	4123659.1557425596
302436.843850666	4123659.4545003665
302436.8955204803	4123659.764145419
302436.9764163834	4123660.184124455
302437.0466127153	4123660.52664003
302437.10767635325	4123660.858268363
302437.17761153064	4123661.1896879035
302437.2566793923	4123661.5319946897
302437.3172207264	4123661.84143095
302437.3782843498	4123662.1730592847
302437.44743607286	4123662.471190718
302437.50797739625	4123662.7806269797
302437.62488170527	4123663.2219629274
302437.6851618748	4123663.520303154
302437.76370740996	4123663.8404178713
302437.8717401569	4123664.281962613
302437.9411529968	4123664.5911900857
302438.01030468615	4123664.889321524
302438.0888502017	4123665.209436243
302438.15826302883	4123665.518663718
302438.24620236055	4123665.86076172
302438.37223928416	4123666.3129849196
302438.4593951687	4123666.6217948147
302438.54628990195	4123666.919508674
302438.63344577554	4123667.2283185697
302438.70259742776	4123667.5264500123
302438.789492147	4123667.824163875
302438.9238782666	4123668.2539862185
302439.02199480386	4123668.651355619
302439.16499129136	4123669.0698731393
302439.2607575159	4123669.367378213
302439.37478908896	4123669.6866577812
302439.47029415856	4123669.9730668226
302439.5660603646	4123670.270571901
302439.66156542115	4123670.5569809442
302439.8131722416	4123670.964193647
302439.95564637356	4123671.360519106
302440.0892489628	4123671.757053357
302440.23224535695	4123672.175570893
302440.37550288124	4123672.6051844684
302440.4809239912	4123672.9357688758
302440.59547776537	4123673.27724053
302440.70116000145	4123673.618920975
302440.85328901256	4123674.0483257673
302440.99367391877	4123674.355882951
302441.1191883213	4123674.785914114
302441.27888311306	4123675.1596299433
302441.45684322924	4123675.55512027
302441.6340199063	4123675.917322491
302441.8208515183	4123676.3126040366
302442.06065112876	4123676.695536822
302442.20025253185	4123676.969805914
302442.33098240185	4123677.2442837963
302442.51546369353	4123677.539701029
302442.70229523466	4123677.9349825927
302442.8236312707	4123678.3187505496
302443.03681621666	4123678.571036368
302443.2126870741	4123678.877758437
302443.3525495478	4123679.1631235834
302443.566256726	4123679.5688748397
302443.705858039	4123679.8431439535
302443.85459200514	4123680.1283003213
302443.9957601321	4123680.469145658
302444.171892058	4123680.786963782
302444.339674726	4123681.1271827663
302444.5165900407	4123681.478289006
302444.6475809135	4123681.7638629554
302444.79683709366	4123682.07121141
302444.95156999596	4123682.3341757227
302445.0048062671	4123682.741179724
302445.2735703632	4123683.092494761
302445.44083067484	4123683.4105216935
302445.6174847658	4123683.750531915
302445.776134671	4123684.0798636754
302445.93478456466	4123684.4091954357
302446.1017836912	4123684.7161263414
302446.27869886777	4123685.067232614
302446.37080880144	4123685.3634850583
302446.60982457176	4123685.5590380426
302446.82144236984	4123685.876021082
302446.9965295496	4123686.149455113
302447.14683011593	4123686.50118775
302447.36888619594	4123686.884538238
302447.50848728046	4123687.158807407
302447.695579539	4123687.5651851054
302447.8443132519	4123687.850341536
302448.0671526689	4123688.2669801484
302448.27198790584	4123688.672940294
302448.40219515626	4123689.0564995883
302448.61564074294	4123689.3198815207
302448.85517857876	4123689.6917184438
302449.0594914835	4123690.0754865347
302449.28102512687	4123690.436644993
302449.4939483732	4123690.8091082745
302449.6893897143	4123691.1930851587
302449.90179066337	4123691.5433563762
302450.1058423484	4123691.9160284516
302450.2454432718	4123692.190297664
302450.4578441753	4123692.540568895
302450.6342367665	4123692.869483175
